-1.083678 -0.000000 -0.007517 0.030250 0.000000 0.999542
0.000000 0.000000 0.000000 -0.000000 0.000000 1.000000
-1.046753 0.280477 -0.007518 0.025508 -0.006835 0.999651
-0.000004 0.000002 38.254807 0.000000 0.000000 -1.000000
-0.348766 0.000000 38.249981 0.050017 0.000001 -0.998748
-0.336883 0.090267 38.249981 0.044708 -0.011979 -0.998928
-0.938493 0.541839 -0.007518 0.022870 -0.013204 0.999651
-0.302042 0.174384 38.249981 0.040084 -0.023142 -0.998928
-0.766276 0.766276 -0.007518 0.018673 -0.018673 0.999651
-0.246618 0.246616 38.249981 0.032729 -0.032728 -0.998928
-0.541839 0.938493 -0.007518 0.015125 -0.026197 0.999542
-0.174387 0.302043 38.249981 0.025009 -0.043316 -0.998748
-0.280476 1.046753 -0.007518 0.006835 -0.025508 0.999651
-0.090272 0.336886 38.249981 0.011980 -0.044708 -0.998928
0.000000 1.083678 -0.007518 -0.000000 -0.026408 0.999651
-0.000005 0.348771 38.249981 0.000001 -0.046285 -0.998928
0.280477 1.046753 -0.007518 -0.006835 -0.025508 0.999651
0.090262 0.336888 38.249981 -0.011979 -0.044708 -0.998928
0.541839 0.938493 -0.007518 -0.015125 -0.026197 0.999542
0.174378 0.302048 38.249981 -0.025008 -0.043316 -0.998748
0.766276 0.766276 -0.007518 -0.018673 -0.018673 0.999651
0.246611 0.246623 38.249981 -0.032728 -0.032729 -0.998928
0.938493 0.541839 -0.007518 -0.022870 -0.013204 0.999651
0.302037 0.174392 38.249981 -0.040084 -0.023143 -0.998928
1.046753 0.280477 -0.007518 -0.025508 -0.006835 0.999651
0.336880 0.090277 38.249981 -0.044708 -0.011980 -0.998928
1.083678 -0.000000 -0.007517 -0.030250 0.000000 0.999542
0.348766 0.000010 38.249981 -0.050017 -0.000001 -0.998748
1.046753 -0.280477 -0.007517 -0.025508 0.006835 0.999651
0.336883 -0.090257 38.249981 -0.044708 0.011979 -0.998928
0.938493 -0.541839 -0.007517 -0.022870 0.013204 0.999651
0.302042 -0.174373 38.249981 -0.040084 0.023142 -0.998928
0.766276 -0.766276 -0.007517 -0.018673 0.018673 0.999651
0.246618 -0.246606 38.249981 -0.032729 0.032728 -0.998928
0.541839 -0.938493 -0.007517 -0.015125 0.026197 0.999542
0.174387 -0.302032 38.249981 -0.025009 0.043316 -0.998748
0.280477 -1.046753 -0.007517 -0.006835 0.025508 0.999651
0.090272 -0.336875 38.249981 -0.011980 0.044708 -0.998928
0.000005 -0.348760 38.249981 -0.000001 0.046285 -0.998928
-0.000000 -1.083678 -0.007517 0.000000 0.026408 0.999651
-0.090262 -0.336878 38.249981 0.011979 0.044708 -0.998928
-0.280477 -1.046753 -0.007517 0.006835 0.025508 0.999651
-0.541839 -0.938493 -0.007517 0.015125 0.026197 0.999542
-0.174378 -0.302037 38.249981 0.025008 0.043317 -0.998748
-0.766276 -0.766276 -0.007517 0.018673 0.018673 0.999651
-0.246611 -0.246613 38.249981 0.032728 0.032729 -0.998928
-0.938493 -0.541839 -0.007517 0.022870 0.013204 0.999651
-0.302037 -0.174382 38.249981 0.040084 0.023143 -0.998928
-1.046753 -0.280477 -0.007517 0.025508 0.006835 0.999651
-0.336880 -0.090267 38.249981 0.044708 0.011980 -0.998928
-3.193818 0.000000 36.096867 0.939584 0.000001 -0.342317
-3.368351 0.000000 35.512043 0.978594 0.000002 -0.205800
-3.253578 0.871794 35.512043 0.944904 -0.253185 -0.207496
-3.084993 0.826621 36.096867 0.906793 -0.242973 -0.344516
-2.845494 -0.000000 0.644934 0.772168 0.000000 0.635418
-2.383712 -0.000000 0.219297 0.539936 0.000000 0.841706
-2.302489 0.616950 0.219297 0.505465 -0.135439 0.852151
-2.748536 0.736468 0.644934 0.740608 -0.198445 0.641965
-3.895316 0.000000 20.656080 0.900797 0.000001 -0.434240
-4.432793 0.000000 19.516172 0.925379 0.000001 -0.379044
-4.281750 1.147292 19.516172 0.893115 -0.239309 -0.380889
-3.762586 1.008182 20.656080 0.869913 -0.233092 -0.434650
-3.536610 0.000000 34.232437 0.999732 0.000002 -0.023166
-3.416104 0.915342 34.232437 0.965661 -0.258747 -0.023424
-1.837345 -0.000000 0.033697 0.216608 0.000000 0.976259
-1.774739 0.475540 0.033697 0.193924 -0.051962 0.979639
-4.908168 0.000000 18.189095 0.951282 0.000001 -0.308322
-4.740927 1.270328 18.189095 0.918578 -0.246132 -0.309246
-3.440427 0.000000 33.082909 0.989143 0.000002 0.146958
-3.323199 0.890448 33.082909 0.955292 -0.255969 0.147975
-5.311617 0.000000 16.818674 0.961089 0.000001 -0.276240
-5.130629 1.374748 16.818674 0.928291 -0.248734 -0.276419
-3.197559 0.000000 31.971695 0.975477 0.000001 0.220104
-3.088606 0.827590 31.971695 0.942202 -0.252461 0.220270
-5.656064 0.000000 15.593671 0.969646 0.000001 -0.244512
-5.463339 1.463897 15.593671 0.936444 -0.250919 -0.245180
-2.925765 0.000000 30.807022 0.982816 0.000001 0.184590
-2.826073 0.757244 30.807022 0.949495 -0.254415 0.183665
-5.923900 0.000000 14.409080 0.984058 0.000001 -0.177847
-5.722048 1.533218 14.409080 0.950388 -0.254656 -0.178641
-2.742800 0.000000 29.497129 0.993138 0.000001 0.116951
-2.649343 0.709889 29.497129 0.959330 -0.257050 0.116667
-0.713654 0.000000 38.223011 0.137247 0.000001 -0.990537
-0.689338 0.184707 38.223011 0.126334 -0.033850 -0.991410
-6.097515 0.000000 13.159891 0.995953 0.000001 -0.089878
-5.889748 1.578153 13.159891 0.961977 -0.257761 -0.090331
-2.634908 0.000000 28.360708 0.994816 0.000002 0.101692
-2.545126 0.681965 28.360708 0.961602 -0.257659 0.094515
-1.087012 0.000000 38.155148 0.265609 0.000002 -0.964081
-1.049974 0.281340 38.155148 0.248397 -0.066556 -0.966369
-6.159300 -0.000000 11.741102 1.000000 0.000000 0.000795
-5.949427 1.594144 11.741102 0.965926 -0.258819 0.000799
-1.461189 0.000000 38.027645 0.422644 0.000002 -0.906296
-1.411402 0.378184 38.027645 0.399609 -0.107074 -0.910411
-6.053096 -0.000000 9.389107 0.995248 0.000000 0.097377
-5.846842 1.566657 9.389107 0.961283 -0.257575 0.097929
-1.828533 0.000000 37.821766 0.566942 0.000002 -0.823758
-1.766229 0.473260 37.821766 0.541584 -0.145116 -0.828026
-5.728134 -0.000000 7.266490 0.978073 0.000000 0.208263
-5.532953 1.482550 7.266490 0.944475 -0.253071 0.209575
-2.429473 0.000000 26.382557 0.999516 0.000002 0.031095
-2.425676 0.000000 25.377268 0.999443 0.000001 -0.033361
-2.343024 0.627811 25.377268 0.965919 -0.258816 0.003777
-2.346692 0.628794 26.382557 0.965919 -0.258816 0.003777
-2.305386 0.000000 37.444950 0.684924 0.000002 -0.728614
-2.226833 0.596678 37.444950 0.657199 -0.176094 -0.732858
-5.174883 -0.000000 5.286388 0.946812 0.000000 0.321786
-4.998553 1.339358 5.286388 0.913915 -0.244883 0.323716
-2.680065 0.000000 37.044445 0.792546 0.000002 -0.609812
-2.588745 0.693652 37.044445 0.762111 -0.204206 -0.614399
-4.383815 -0.000000 3.361933 0.906838 0.000000 0.421480
-4.234440 1.134615 3.361933 0.875015 -0.234459 0.423530
-2.970299 0.000000 36.601376 0.881805 0.000002 -0.471614
-2.869090 0.768770 36.601376 0.849856 -0.227717 -0.475279
-3.345402 0.000000 1.406261 0.862800 0.000000 0.505545
-3.231410 0.865854 1.406261 0.832129 -0.222968 0.507785
-2.890076 0.000000 22.894121 0.940782 0.000001 -0.339013
-3.359742 0.000000 21.738752 0.910742 0.000001 -0.412977
-3.245262 0.869565 21.738752 0.880395 -0.235900 -0.411406
-2.791600 0.748007 22.894121 0.894818 -0.239765 -0.376582
-2.064355 1.191856 0.219297 0.453187 -0.261648 0.852151
-2.464270 1.422747 0.644934 0.664011 -0.383367 0.641965
-3.838912 2.216397 19.516172 0.800745 -0.462310 -0.380889
-3.373443 1.947658 20.656080 0.779943 -0.450299 -0.434650
-3.062796 1.768306 34.232437 0.865788 -0.499862 -0.023423
-2.917079 1.684176 35.512043 0.847178 -0.489117 -0.207496
-1.591187 0.918672 0.033697 0.173868 -0.100382 0.979639
-4.250600 2.454085 18.189095 0.823575 -0.475491 -0.309246
-2.979499 1.720214 33.082909 0.856492 -0.494495 0.147975
-4.599996 2.655809 16.818674 0.832283 -0.480518 -0.276419
-2.769170 1.598780 31.971695 0.844756 -0.487718 0.220270
-4.898296 2.828032 15.593671 0.839592 -0.484738 -0.245180
-2.533788 1.462883 30.807022 0.851294 -0.491493 0.183665
-5.130249 2.961951 14.409080 0.852095 -0.491957 -0.178641
-2.375337 1.371401 29.497129 0.860112 -0.496584 0.116667
-0.618045 0.356828 38.223011 0.113269 -0.065395 -0.991410
-5.280603 3.048758 13.159891 0.862485 -0.497956 -0.090331
-2.281899 1.317455 28.360708 0.862149 -0.497760 0.094516
-0.941383 0.543507 38.155148 0.222707 -0.128578 -0.966369
-5.334111 3.079651 11.741102 0.866025 -0.500000 0.000799
-1.265429 0.730595 38.027645 0.358280 -0.206852 -0.910411
-5.242136 3.026549 9.389107 0.861863 -0.497596 0.097929
-1.583559 0.914267 37.821766 0.485572 -0.280343 -0.828026
-4.960710 2.864068 7.266490 0.846793 -0.488896 0.209575
-2.100698 1.212839 25.377268 0.866020 -0.499995 0.003777
-2.103987 1.214737 26.382557 0.866020 -0.499995 0.003777
-1.996525 1.152694 37.444950 0.589229 -0.340190 -0.732858
-4.481580 2.587442 5.286387 0.819394 -0.473077 0.323716
-2.321007 1.340033 37.044445 0.683291 -0.394496 -0.614399
-3.796495 2.191908 3.361933 0.784517 -0.452941 0.423530
-2.572357 1.485151 36.601376 0.761960 -0.439916 -0.475279
-2.897202 1.672701 1.406261 0.746067 -0.430742 0.507785
-2.909623 1.679871 21.738752 0.789341 -0.455725 -0.411406
-2.502880 1.445038 22.894121 0.802272 -0.463191 -0.376582
-2.765930 1.596910 36.096867 0.813008 -0.469389 -0.344516
-2.754406 2.754405 20.656080 0.636821 -0.636820 -0.434650
-2.375698 2.375697 21.738752 0.644495 -0.644493 -0.411406
-2.381787 2.381785 35.512043 0.691718 -0.691716 -0.207496
-2.258374 2.258372 36.096867 0.663819 -0.663817 -0.344516
-1.685539 1.685539 0.219297 0.370026 -0.370026 0.852151
-2.012068 2.012068 0.644934 0.542163 -0.542163 0.641965
-3.134459 3.134459 19.516172 0.653806 -0.653805 -0.380889
-2.500764 2.500762 34.232437 0.706914 -0.706912 -0.023423
-1.299199 1.299199 0.033697 0.141962 -0.141962 0.979639
-3.470601 3.470600 18.189095 0.672446 -0.672445 -0.309246
-2.432752 2.432751 33.082909 0.699323 -0.699321 0.147975
-3.755882 3.755881 16.818674 0.679556 -0.679556 -0.276419
-2.261019 2.261017 31.971695 0.689741 -0.689739 0.220270
-3.999443 3.999442 15.593670 0.685524 -0.685524 -0.245180
-2.068831 2.068829 30.807022 0.695079 -0.695077 0.183665
-4.188831 4.188831 14.409079 0.695733 -0.695732 -0.178641
-1.939455 1.939454 29.497129 0.702279 -0.702277 0.116667
-0.504633 0.504631 38.223011 0.092484 -0.092482 -0.991410
-4.311595 4.311595 13.159890 0.704216 -0.704216 -0.090331
-1.863164 1.863163 28.360708 0.703942 -0.703940 0.094515
-0.768637 0.768635 38.155148 0.181840 -0.181838 -0.966369
-4.355284 4.355284 11.741101 0.707107 -0.707106 0.000799
-1.033220 1.033219 38.027645 0.292535 -0.292533 -0.910411
-4.280187 4.280186 9.389106 0.703708 -0.703708 0.097929
-1.292972 1.292970 37.821766 0.396468 -0.396466 -0.828026
-4.050403 4.050403 7.266490 0.691404 -0.691404 0.209575
-1.715214 1.715213 25.377268 0.707103 -0.707101 0.003777
-1.717899 1.717898 26.382557 0.707103 -0.707101 0.003777
-1.630158 1.630156 37.444950 0.481104 -0.481101 -0.732858
-3.659194 3.659195 5.286387 0.669032 -0.669032 0.323716
-1.895096 1.895094 37.044445 0.557905 -0.557903 -0.614399
-3.099826 3.099826 3.361933 0.640555 -0.640555 0.423530
-2.100322 2.100321 36.601376 0.622139 -0.622137 -0.475279
-2.365556 2.365556 1.406261 0.609161 -0.609161 0.507786
-2.043594 2.043593 22.894121 0.655053 -0.655051 -0.376581
-1.596913 2.765930 36.096867 0.469794 -0.813704 -0.342316
-1.485154 2.572358 36.601376 0.440904 -0.763665 -0.471614
-1.422747 2.464270 0.644934 0.386084 -0.668717 0.635418
-1.672701 2.897203 1.406261 0.431400 -0.747207 0.505545
-1.947660 3.373444 20.656080 0.450399 -0.780113 -0.434240
-1.679873 2.909623 21.738752 0.455371 -0.788725 -0.412977
-1.684179 2.917080 35.512043 0.489298 -0.847487 -0.205800
-1.191856 2.064356 0.219297 0.269968 -0.467599 0.841706
-2.216398 3.838913 19.516172 0.462690 -0.801401 -0.379044
-1.768309 3.062797 34.232437 0.499867 -0.865792 -0.023167
-0.918672 1.591187 0.033697 0.108304 -0.187588 0.976259
-2.454087 4.250600 18.189095 0.475642 -0.823834 -0.308322
-1.720217 2.979500 33.082909 0.494572 -0.856622 0.146958
-2.655810 4.599997 16.818674 0.480545 -0.832327 -0.276240
-1.598783 2.769170 31.971695 0.487739 -0.844787 0.220104
-2.828034 4.898296 15.593670 0.484823 -0.839738 -0.244512
-1.462886 2.533789 30.807022 0.491409 -0.851143 0.184590
-2.961951 5.130250 14.409079 0.492029 -0.852219 -0.177847
-1.371403 2.375337 29.497129 0.496570 -0.860082 0.116952
-0.356831 0.618045 38.223011 0.068624 -0.118859 -0.990537
-3.048759 5.280605 13.159890 0.497977 -0.862520 -0.089878
-1.317457 2.281899 28.360708 0.497409 -0.861535 0.101693
-0.543510 0.941383 38.155148 0.132806 -0.230023 -0.964081
-3.079651 5.334112 11.741101 0.500000 -0.866025 0.000795
-0.730599 1.265430 38.027645 0.211323 -0.366020 -0.906296
-3.026549 5.242137 9.389106 0.497624 -0.861910 0.097377
-0.914271 1.583559 37.821766 0.283472 -0.490985 -0.823758
-2.864068 4.960711 7.266490 0.489037 -0.847036 0.208263
-1.212841 2.100699 25.377268 0.499723 -0.865543 -0.033361
-1.214739 2.103987 26.382557 0.499759 -0.865606 0.031095
-1.152697 1.996526 37.444950 0.342463 -0.593161 -0.728615
-2.587442 4.481581 5.286387 0.473406 -0.819964 0.321786
-1.340037 2.321007 37.044445 0.396274 -0.686364 -0.609812
-2.191908 3.796496 3.361933 0.453419 -0.785344 0.421480
-1.445040 2.502881 22.894121 0.470392 -0.814741 -0.339012
-0.869568 3.245264 21.738752 0.235902 -0.880395 -0.411406
-0.748010 2.791601 22.894121 0.239766 -0.894818 -0.376582
-0.826625 3.084995 36.096867 0.242976 -0.906792 -0.344516
-0.768775 2.869093 36.601376 0.227719 -0.849855 -0.475278
-0.736468 2.748536 0.644934 0.198445 -0.740608 0.641965
-0.865854 3.231410 1.406261 0.222968 -0.832129 0.507785
-1.008184 3.762588 20.656080 0.233093 -0.869912 -0.434650
-0.871797 3.253581 35.512043 0.253187 -0.944903 -0.207496
-0.616950 2.302490 0.219297 0.135439 -0.505465 0.852151
-1.147293 4.281751 19.516172 0.239310 -0.893115 -0.380889
-0.915346 3.416106 34.232437 0.258749 -0.965661 -0.023424
-0.475540 1.774739 0.033697 0.051962 -0.193924 0.979639
-1.270330 4.740929 18.189095 0.246133 -0.918578 -0.309246
-0.890452 3.323201 33.082909 0.255971 -0.955292 0.147975
-1.374750 5.130630 16.818674 0.248735 -0.928291 -0.276419
-0.827593 3.088608 31.971695 0.252463 -0.942201 0.220270
-1.463899 5.463340 15.593670 0.250920 -0.936443 -0.245180
-0.757248 2.826075 30.807022 0.254418 -0.949494 0.183665
-1.533220 5.722050 14.409079 0.254656 -0.950388 -0.178641
-0.709893 2.649345 29.497129 0.257053 -0.959329 0.116667
-0.184712 0.689340 38.223011 0.033852 -0.126334 -0.991410
-1.578154 5.889750 13.159890 0.257761 -0.961977 -0.090331
-0.681968 2.545129 28.360708 0.257662 -0.961601 0.094516
-0.281344 1.049977 38.155148 0.066559 -0.248396 -0.966369
-1.594145 5.949429 11.741101 0.258819 -0.965926 0.000799
-0.378188 1.411404 38.027645 0.107076 -0.399609 -0.910411
-1.566658 5.846844 9.389106 0.257575 -0.961283 0.097929
-0.473264 1.766231 37.821766 0.145118 -0.541584 -0.828026
-1.482551 5.532954 7.266490 0.253071 -0.944475 0.209575
-0.627814 2.343025 25.377268 0.258818 -0.965919 0.003777
-0.628797 2.346693 26.382557 0.258819 -0.965919 0.003777
-0.596683 2.226836 37.444950 0.176097 -0.657198 -0.732858
-1.339358 4.998553 5.286387 0.244883 -0.913915 0.323716
-0.693657 2.588748 37.044445 0.204208 -0.762111 -0.614399
-1.134615 4.234441 3.361933 0.234459 -0.875015 0.423530
-0.000005 2.970304 36.601376 0.000001 -0.879835 -0.475278
-0.000005 2.680070 37.044445 0.000001 -0.788995 -0.614399
-0.000000 3.345402 1.406261 0.000000 -0.861484 0.507785
-0.000001 4.383816 3.361933 0.000000 -0.905882 0.423530
-0.000003 3.359745 21.738752 0.000001 -0.911452 -0.411406
-0.000003 2.890079 22.894121 0.000001 -0.926383 -0.376582
-0.000005 3.193823 36.096867 0.000001 -0.938780 -0.344516
0.000000 2.845494 0.644934 -0.000000 -0.766734 0.641965
-0.000003 3.895318 20.656080 0.000001 -0.900600 -0.434649
-0.000004 3.368356 35.512043 0.000001 -0.978236 -0.207496
-0.000000 2.383713 0.219297 -0.000000 -0.523295 0.852151
-0.000002 4.432795 19.516172 0.000000 -0.924621 -0.380889
-0.000005 3.536615 34.232437 0.000001 -0.999726 -0.023423
0.000000 1.837345 0.033697 0.000000 -0.200765 0.979639
-0.000003 4.908172 18.189095 0.000000 -0.950982 -0.309246
-0.000004 3.440432 33.082909 0.000001 -0.988991 0.147975
-0.000002 5.311619 16.818674 0.000000 -0.961037 -0.276419
-0.000004 3.197564 31.971695 0.000001 -0.975439 0.220270
-0.000002 5.656066 15.593670 0.000000 -0.969478 -0.245180
-0.000004 2.925769 30.807022 0.000002 -0.982989 0.183665
-0.000002 5.923903 14.409079 0.000000 -0.983914 -0.178641
-0.000004 2.742804 29.497129 0.000001 -0.993171 0.116667
-0.000005 0.713659 38.223011 0.000001 -0.130791 -0.991410
-0.000001 6.097517 13.159890 0.000000 -0.995912 -0.090331
-0.000004 2.634912 28.360708 0.000001 -0.995523 0.094516
-0.000005 1.087017 38.155148 0.000001 -0.257159 -0.966369
-0.000001 6.159302 11.741101 0.000000 -1.000000 0.000799
-0.000005 1.461195 38.027645 0.000001 -0.413706 -0.910411
-0.000001 6.053098 9.389106 0.000000 -0.995193 0.097929
-0.000005 1.828538 37.821766 0.000002 -0.560689 -0.828026
-0.000001 5.728136 7.266490 0.000000 -0.977793 0.209575
-0.000003 2.425679 25.377268 0.000002 -0.999993 0.003777
-0.000004 2.429476 26.382557 0.000002 -0.999993 0.003777
-0.000005 2.305391 37.444950 0.000001 -0.680382 -0.732858
-0.000000 5.174883 5.286387 -0.000000 -0.946154 0.323716
1.134614 4.234441 3.361933 -0.234460 -0.875015 0.423530
1.339358 4.998553 5.286387 -0.244883 -0.913915 0.323716
0.768765 2.869095 36.601376 -0.227717 -0.849856 -0.475278
0.693647 2.588751 37.044445 -0.204206 -0.762111 -0.614399
0.865853 3.231410 1.406261 -0.222968 -0.832129 0.507786
0.869562 3.245265 21.738752 -0.235901 -0.880395 -0.411406
0.748004 2.791603 22.894121 -0.239765 -0.894818 -0.376581
0.826616 3.084998 36.096867 -0.242973 -0.906793 -0.344516
0.736468 2.748536 0.644934 -0.198446 -0.740608 0.641965
1.008179 3.762589 20.656080 -0.233092 -0.869913 -0.434650
0.871789 3.253583 35.512043 -0.253185 -0.944904 -0.207496
0.616950 2.302490 0.219297 -0.135439 -0.505465 0.852151
1.147289 4.281752 19.516172 -0.239309 -0.893115 -0.380889
0.915338 3.416109 34.232437 -0.258747 -0.965661 -0.023423
0.475540 1.774739 0.033697 -0.051962 -0.193924 0.979639
1.270325 4.740931 18.189095 -0.246132 -0.918578 -0.309246
0.890444 3.323203 33.082909 -0.255968 -0.955292 0.147975
1.374745 5.130631 16.818674 -0.248734 -0.928291 -0.276419
0.827585 3.088611 31.971695 -0.252461 -0.942202 0.220270
1.463895 5.463341 15.593670 -0.250919 -0.936444 -0.245180
0.757239 2.826077 30.807022 -0.254415 -0.949495 0.183665
1.533216 5.722051 14.409079 -0.254656 -0.950388 -0.178641
0.709885 2.649347 29.497129 -0.257050 -0.959330 0.116667
0.184702 0.689343 38.223011 -0.033850 -0.126334 -0.991410
1.578152 5.889750 13.159890 -0.257761 -0.961977 -0.090331
0.681961 2.545130 28.360708 -0.257659 -0.961602 0.094516
0.281334 1.049980 38.155148 -0.066556 -0.248397 -0.966369
1.594143 5.949430 11.741101 -0.258819 -0.965926 0.000799
0.378179 1.411407 38.027645 -0.107074 -0.399610 -0.910411
1.566655 5.846844 9.389106 -0.257575 -0.961283 0.097929
0.473254 1.766234 37.821766 -0.145115 -0.541584 -0.828026
1.482549 5.532955 7.266490 -0.253071 -0.944475 0.209575
0.627808 2.343027 25.377268 -0.258816 -0.965919 0.003777
0.628790 2.346695 26.382557 -0.258816 -0.965919 0.003777
0.596673 2.226838 37.444950 -0.176094 -0.657198 -0.732858
1.340029 2.321012 37.044445 -0.396272 -0.686366 -0.609812
1.152689 1.996531 37.444950 -0.342461 -0.593162 -0.728615
2.191907 3.796496 3.361933 -0.453419 -0.785344 0.421480
2.587440 4.481580 5.286387 -0.473406 -0.819963 0.321787
1.485146 2.572363 36.601376 -0.440901 -0.763667 -0.471614
1.672700 2.897203 1.406261 -0.431400 -0.747207 0.505545
1.679868 2.909626 21.738752 -0.455370 -0.788726 -0.412976
1.445035 2.502884 22.894121 -0.470390 -0.814742 -0.339012
1.596905 2.765935 36.096867 -0.469791 -0.813705 -0.342316
1.422747 2.464270 0.644934 -0.386084 -0.668717 0.635418
1.947655 3.373446 20.656080 -0.450398 -0.780114 -0.434239
1.684171 2.917084 35.512043 -0.489296 -0.847488 -0.205800
1.191856 2.064356 0.219297 -0.269969 -0.467599 0.841706
2.216394 3.838915 19.516172 -0.462689 -0.801401 -0.379044
1.768301 3.062801 34.232437 -0.499865 -0.865793 -0.023167
0.918672 1.591187 0.033697 -0.108304 -0.187588 0.976259
2.454082 4.250603 18.189095 -0.475641 -0.823835 -0.308322
1.720210 2.979504 33.082909 -0.494570 -0.856623 0.146958
2.655807 4.599999 16.818674 -0.480544 -0.832327 -0.276240
1.598776 2.769174 31.971695 -0.487737 -0.844788 0.220104
2.828030 4.898298 15.593670 -0.484823 -0.839739 -0.244511
1.462878 2.533793 30.807022 -0.491407 -0.851144 0.184590
2.961948 5.130250 14.409079 -0.492029 -0.852219 -0.177847
1.371397 2.375341 29.497129 -0.496568 -0.860083 0.116952
0.356822 0.618050 38.223011 -0.068622 -0.118860 -0.990537
3.048757 5.280607 13.159890 -0.497976 -0.862521 -0.089878
1.317450 2.281903 28.360708 -0.497407 -0.861536 0.101693
0.543502 0.941388 38.155148 -0.132803 -0.230025 -0.964081
3.079649 5.334113 11.741101 -0.500000 -0.866025 0.000796
0.730590 1.265435 38.027645 -0.211321 -0.366021 -0.906296
3.026547 5.242137 9.389106 -0.497624 -0.861910 0.097377
0.914262 1.583564 37.821766 -0.283469 -0.490987 -0.823758
2.864067 4.960711 7.266490 -0.489036 -0.847036 0.208263
1.212835 2.100702 25.377268 -0.499720 -0.865544 -0.033361
1.214734 2.103991 26.382557 -0.499757 -0.865607 0.031095
1.630150 1.630163 37.444950 -0.481101 -0.481103 -0.732858
1.292964 1.292977 37.821766 -0.396466 -0.396468 -0.828026
3.659194 3.659195 5.286387 -0.669032 -0.669032 0.323716
4.050402 4.050405 7.266490 -0.691404 -0.691404 0.209575
1.895089 1.895101 37.044445 -0.557903 -0.557905 -0.614399
3.099824 3.099826 3.361933 -0.640555 -0.640555 0.423530
2.100315 2.100327 36.601376 -0.622137 -0.622138 -0.475279
2.365556 2.365556 1.406261 -0.609161 -0.609161 0.507785
2.375694 2.375701 21.738752 -0.644494 -0.644494 -0.411406
2.043590 2.043597 22.894121 -0.655052 -0.655052 -0.376582
2.258367 2.258379 36.096867 -0.663817 -0.663819 -0.344516
2.012068 2.012068 0.644934 -0.542163 -0.542163 0.641965
2.754401 2.754409 20.656080 -0.636820 -0.636820 -0.434650
2.381780 2.381791 35.512043 -0.691716 -0.691718 -0.207495
1.685539 1.685539 0.219297 -0.370026 -0.370026 0.852151
3.134456 3.134462 19.516172 -0.653805 -0.653806 -0.380890
2.500757 2.500768 34.232437 -0.706912 -0.706913 -0.023424
1.299199 1.299199 0.033697 -0.141962 -0.141962 0.979639
3.470598 3.470604 18.189095 -0.672446 -0.672446 -0.309246
2.432746 2.432757 33.082909 -0.699322 -0.699323 0.147975
3.755878 3.755884 16.818674 -0.679556 -0.679556 -0.276419
2.261013 2.261023 31.971695 -0.689739 -0.689740 0.220270
3.999439 3.999445 15.593670 -0.685524 -0.685524 -0.245180
2.068825 2.068835 30.807022 -0.695077 -0.695079 0.183665
4.188828 4.188833 14.409079 -0.695732 -0.695733 -0.178641
1.939450 1.939459 29.497129 -0.702277 -0.702279 0.116667
0.504626 0.504638 38.223011 -0.092482 -0.092484 -0.991410
4.311593 4.311597 13.159890 -0.704216 -0.704216 -0.090332
1.863158 1.863168 28.360708 -0.703940 -0.703942 0.094516
0.768630 0.768642 38.155148 -0.181838 -0.181840 -0.966369
4.355282 4.355286 11.741101 -0.707107 -0.707107 0.000799
1.033213 1.033226 38.027645 -0.292533 -0.292535 -0.910411
4.280184 4.280188 9.389106 -0.703708 -0.703708 0.097929
1.715209 1.715218 25.377268 -0.707101 -0.707103 0.003777
1.717894 1.717903 26.382557 -0.707101 -0.707102 0.003777
2.100695 1.212844 25.377268 -0.866019 -0.499998 0.003777
2.103983 1.214743 26.382557 -0.866019 -0.499997 0.003777
1.996520 1.152703 37.444950 -0.589227 -0.340192 -0.732858
1.583553 0.914276 37.821766 -0.485570 -0.280346 -0.828026
4.481579 2.587442 5.286387 -0.819394 -0.473077 0.323716
4.960709 2.864069 7.266490 -0.846793 -0.488896 0.209575
2.321002 1.340042 37.044445 -0.683289 -0.394499 -0.614399
3.796494 2.191908 3.361933 -0.784517 -0.452941 0.423530
2.572352 1.485159 36.601376 -0.761959 -0.439919 -0.475279
2.897202 1.672701 1.406261 -0.746067 -0.430742 0.507785
2.909620 1.679876 21.738752 -0.789340 -0.455727 -0.411406
2.502877 1.445043 22.894121 -0.802271 -0.463192 -0.376582
2.765925 1.596918 36.096867 -0.813007 -0.469391 -0.344516
2.464269 1.422747 0.644934 -0.664011 -0.383367 0.641965
3.373440 1.947663 20.656080 -0.779942 -0.450300 -0.434650
2.917074 1.684184 35.512043 -0.847177 -0.489119 -0.207495
2.064355 1.191856 0.219297 -0.453187 -0.261648 0.852151
3.838909 2.216401 19.516172 -0.800745 -0.462311 -0.380889
3.062791 1.768313 34.232437 -0.865787 -0.499864 -0.023424
1.591187 0.918672 0.033697 -0.173868 -0.100382 0.979639
4.250597 2.454090 18.189095 -0.823574 -0.475491 -0.309246
2.979495 1.720222 33.082909 -0.856491 -0.494497 0.147975
4.599993 2.655813 16.818674 -0.832283 -0.480519 -0.276419
2.769165 1.598788 31.971695 -0.844754 -0.487721 0.220270
4.898293 2.828036 15.593671 -0.839592 -0.484739 -0.245180
2.533784 1.462890 30.807022 -0.851293 -0.491496 0.183665
5.130246 2.961953 14.409080 -0.852095 -0.491957 -0.178641
2.375332 1.371407 29.497129 -0.860111 -0.496587 0.116667
0.618040 0.356836 38.223011 -0.113268 -0.065396 -0.991410
5.280602 3.048760 13.159891 -0.862485 -0.497956 -0.090332
2.281895 1.317461 28.360708 -0.862148 -0.497763 0.094516
0.941377 0.543516 38.155148 -0.222706 -0.128580 -0.966369
5.334109 3.079653 11.741102 -0.866025 -0.500000 0.000799
1.265424 0.730604 38.027645 -0.358279 -0.206854 -0.910411
5.242134 3.026551 9.389107 -0.861863 -0.497597 0.097929
1.766226 0.473269 37.821766 -0.541584 -0.145119 -0.828026
1.411399 0.378193 38.027645 -0.399609 -0.107076 -0.910411
5.532952 1.482552 7.266490 -0.944475 -0.253071 0.209575
5.846841 1.566659 9.389107 -0.961283 -0.257575 0.097929
2.343022 0.627818 25.377268 -0.965919 -0.258819 0.003777
2.346689 0.628801 26.382557 -0.965919 -0.258818 0.003777
2.226830 0.596688 37.444950 -0.657198 -0.176097 -0.732858
4.998552 1.339359 5.286388 -0.913915 -0.244883 0.323716
2.588742 0.693662 37.044445 -0.762111 -0.204209 -0.614399
4.234439 1.134616 3.361933 -0.875015 -0.234460 0.423530
2.869087 0.768780 36.601376 -0.849855 -0.227719 -0.475279
3.231409 0.865854 1.406261 -0.832129 -0.222969 0.507785
3.245260 0.869571 21.738752 -0.880395 -0.235902 -0.411406
2.791598 0.748012 22.894121 -0.894818 -0.239767 -0.376581
3.084990 0.826630 36.096867 -0.906792 -0.242976 -0.344516
2.748535 0.736468 0.644934 -0.740609 -0.198445 0.641965
3.762584 1.008187 20.656080 -0.869912 -0.233093 -0.434650
3.253575 0.871802 35.512043 -0.944903 -0.253188 -0.207495
2.302489 0.616950 0.219297 -0.505465 -0.135439 0.852151
4.281748 1.147296 19.516172 -0.893115 -0.239310 -0.380889
3.416101 0.915351 34.232437 -0.965661 -0.258749 -0.023424
1.774738 0.475540 0.033697 -0.193924 -0.051962 0.979639
4.740926 1.270333 18.189095 -0.918578 -0.246133 -0.309246
3.323196 0.890457 33.082909 -0.955292 -0.255971 0.147975
5.130626 1.374752 16.818674 -0.928291 -0.248736 -0.276419
3.088603 0.827598 31.971695 -0.942201 -0.252464 0.220270
5.463337 1.463901 15.593671 -0.936443 -0.250920 -0.245180
2.826070 0.757252 30.807022 -0.949494 -0.254418 0.183665
5.722047 1.533221 14.409080 -0.950388 -0.254656 -0.178641
2.649340 0.709897 29.497129 -0.959329 -0.257053 0.116667
0.689335 0.184717 38.223011 -0.126334 -0.033852 -0.991410
5.889746 1.578156 13.159891 -0.961977 -0.257762 -0.090332
2.545124 0.681972 28.360708 -0.961601 -0.257662 0.094516
1.049972 0.281350 38.155148 -0.248396 -0.066559 -0.966369
5.949427 1.594147 11.741102 -0.965925 -0.258819 0.000799
6.053096 0.000002 9.389107 -0.995248 -0.000000 0.097377
6.159300 0.000002 11.741102 -1.000000 -0.000000 0.000795
1.828533 0.000010 37.821766 -0.566942 -0.000002 -0.823758
1.461189 0.000010 38.027645 -0.422644 -0.000002 -0.906296
5.728134 0.000002 7.266490 -0.978073 -0.000000 0.208263
2.425675 0.000007 25.377268 -0.999443 -0.000001 -0.033361
2.429472 0.000007 26.382557 -0.999516 -0.000001 0.031095
2.305386 0.000010 37.444950 -0.684924 -0.000002 -0.728615
5.174883 0.000001 5.286388 -0.946812 0.000000 0.321786
2.680065 0.000010 37.044445 -0.792546 -0.000002 -0.609812
4.383814 0.000001 3.361933 -0.906838 -0.000000 0.421480
2.970299 0.000010 36.601376 -0.881805 -0.000002 -0.471614
3.345402 -0.000000 1.406261 -0.862800 0.000000 0.505545
3.359741 0.000006 21.738752 -0.910742 -0.000001 -0.412977
2.890076 0.000006 22.894121 -0.940782 -0.000001 -0.339012
3.193818 0.000009 36.096867 -0.939584 -0.000001 -0.342317
2.845493 -0.000000 0.644934 -0.772168 -0.000000 0.635418
3.895316 0.000005 20.656080 -0.900797 -0.000001 -0.434240
3.368351 0.000009 35.512043 -0.978594 -0.000001 -0.205800
2.383713 -0.000000 0.219297 -0.539937 0.000000 0.841705
4.432792 0.000005 19.516172 -0.925379 -0.000000 -0.379044
3.536609 0.000009 34.232437 -0.999732 -0.000001 -0.023167
1.837345 -0.000000 0.033697 -0.216608 0.000000 0.976259
4.908168 0.000006 18.189095 -0.951282 -0.000001 -0.308322
3.440427 0.000008 33.082909 -0.989143 -0.000001 0.146958
5.311617 0.000004 16.818674 -0.961089 -0.000000 -0.276240
3.197559 0.000008 31.971695 -0.975477 -0.000001 0.220104
5.656064 0.000003 15.593671 -0.969646 -0.000000 -0.244512
2.925765 0.000008 30.807022 -0.982816 -0.000001 0.184590
5.923900 0.000003 14.409080 -0.984058 -0.000000 -0.177847
2.742800 0.000008 29.497129 -0.993138 -0.000001 0.116951
0.713654 0.000010 38.223011 -0.137247 -0.000001 -0.990537
6.097516 0.000003 13.159891 -0.995953 -0.000000 -0.089878
2.634908 0.000007 28.360708 -0.994816 -0.000001 0.101692
1.087012 0.000010 38.155148 -0.265609 -0.000001 -0.964081
1.411402 -0.378174 38.027645 -0.399610 0.107074 -0.910411
1.049974 -0.281329 38.155148 -0.248397 0.066556 -0.966369
5.846842 -1.566654 9.389107 -0.961283 0.257575 0.097929
5.949427 -1.594141 11.741102 -0.965926 0.258819 0.000799
1.766228 -0.473249 37.821766 -0.541584 0.145116 -0.828026
5.532953 -1.482549 7.266490 -0.944475 0.253071 0.209575
2.343023 -0.627804 25.377268 -0.965919 0.258816 0.003777
2.346691 -0.628787 26.382557 -0.965919 0.258816 0.003777
2.226833 -0.596668 37.444950 -0.657199 0.176094 -0.732858
4.998551 -1.339357 5.286388 -0.913915 0.244883 0.323716
2.588745 -0.693642 37.044445 -0.762112 0.204206 -0.614399
4.234439 -1.134614 3.361933 -0.875015 0.234459 0.423530
2.869090 -0.768760 36.601376 -0.849856 0.227717 -0.475279
3.231409 -0.865853 1.406261 -0.832129 0.222969 0.507785
3.245261 -0.869560 21.738752 -0.880395 0.235901 -0.411406
2.791599 -0.748001 22.894121 -0.894818 0.239765 -0.376581
3.084993 -0.826612 36.096867 -0.906793 0.242973 -0.344516
2.748535 -0.736468 0.644934 -0.740608 0.198446 0.641965
3.762585 -1.008176 20.656080 -0.869912 0.233092 -0.434650
3.253577 -0.871784 35.512043 -0.944904 0.253185 -0.207495
2.302489 -0.616950 0.219297 -0.505465 0.135439 0.852151
4.281749 -1.147286 19.516172 -0.893115 0.239309 -0.380889
3.416103 -0.915333 34.232437 -0.965661 0.258747 -0.023424
1.774738 -0.475540 0.033697 -0.193924 0.051962 0.979639
4.740927 -1.270322 18.189095 -0.918578 0.246131 -0.309246
3.323198 -0.890440 33.082909 -0.955292 0.255969 0.147974
5.130627 -1.374743 16.818674 -0.928291 0.248735 -0.276419
3.088606 -0.827581 31.971695 -0.942202 0.252461 0.220270
5.463337 -1.463893 15.593671 -0.936443 0.250919 -0.245180
2.826072 -0.757235 30.807022 -0.949495 0.254415 0.183665
5.722047 -1.533215 14.409080 -0.950388 0.254656 -0.178641
2.649342 -0.709881 29.497129 -0.959330 0.257050 0.116667
0.689338 -0.184697 38.223011 -0.126335 0.033850 -0.991410
5.889746 -1.578150 13.159891 -0.961977 0.257761 -0.090332
2.545126 -0.681957 28.360708 -0.961602 0.257659 0.094516
0.941382 -0.543496 38.155148 -0.222707 0.128578 -0.966369
0.618045 -0.356817 38.223011 -0.113269 0.065395 -0.991410
5.334111 -3.079648 11.741102 -0.866025 0.500000 0.000799
5.280602 -3.048754 13.159891 -0.862485 0.497956 -0.090332
1.265429 -0.730585 38.027645 -0.358281 0.206852 -0.910411
5.242135 -3.026546 9.389107 -0.861863 0.497597 0.097929
1.583558 -0.914257 37.821766 -0.485572 0.280343 -0.828026
4.960710 -2.864066 7.266491 -0.846793 0.488896 0.209575
2.100698 -1.212831 25.377268 -0.866020 0.499995 0.003777
2.103987 -1.214730 26.382557 -0.866020 0.499995 0.003777
1.996525 -1.152684 37.444950 -0.589229 0.340189 -0.732858
4.481579 -2.587440 5.286388 -0.819394 0.473077 0.323716
2.321007 -1.340023 37.044445 -0.683291 0.394496 -0.614399
3.796495 -2.191906 3.361933 -0.784517 0.452941 0.423530
2.572356 -1.485141 36.601376 -0.761960 0.439916 -0.475279
2.897202 -1.672700 1.406261 -0.746067 0.430742 0.507785
2.909622 -1.679865 21.738752 -0.789341 0.455725 -0.411406
2.502880 -1.445032 22.894121 -0.802272 0.463191 -0.376582
2.765930 -1.596900 36.096867 -0.813008 0.469389 -0.344516
2.464269 -1.422747 0.644934 -0.664011 0.383367 0.641964
3.373443 -1.947652 20.656080 -0.779942 0.450299 -0.434650
2.917078 -1.684167 35.512043 -0.847178 0.489117 -0.207495
2.064355 -1.191856 0.219297 -0.453187 0.261648 0.852151
3.838912 -2.216392 19.516172 -0.800745 0.462310 -0.380890
3.062795 -1.768296 34.232437 -0.865788 0.499862 -0.023424
1.591187 -0.918672 0.033697 -0.173868 0.100383 0.979639
4.250600 -2.454080 18.189095 -0.823575 0.475490 -0.309246
2.979499 -1.720206 33.082909 -0.856492 0.494495 0.147974
4.599995 -2.655804 16.818674 -0.832283 0.480518 -0.276419
2.769169 -1.598772 31.971695 -0.844756 0.487718 0.220270
4.898295 -2.828028 15.593671 -0.839592 0.484738 -0.245180
2.533788 -1.462875 30.807022 -0.851294 0.491493 0.183665
5.130248 -2.961947 14.409080 -0.852095 0.491957 -0.178641
2.375336 -1.371393 29.497129 -0.860112 0.496584 0.116667
2.281898 -1.317447 28.360708 -0.862149 0.497761 0.094516
1.863163 -1.863154 28.360708 -0.703942 0.703940 0.094516
1.939455 -1.939446 29.497129 -0.702279 0.702277 0.116667
0.768637 -0.768625 38.155148 -0.181840 0.181838 -0.966369
0.504633 -0.504621 38.223011 -0.092484 0.092482 -0.991410
4.355284 -4.355281 11.741103 -0.707107 0.707106 0.000798
4.311594 -4.311591 13.159892 -0.704217 0.704215 -0.090332
1.033220 -1.033208 38.027645 -0.292535 0.292533 -0.910411
4.280186 -4.280183 9.389108 -0.703708 0.703708 0.097929
1.292971 -1.292959 37.821766 -0.396468 0.396466 -0.828026
4.050403 -4.050401 7.266491 -0.691404 0.691404 0.209575
1.715214 -1.715206 25.377268 -0.707103 0.707100 0.003777
1.717899 -1.717891 26.382557 -0.707103 0.707100 0.003777
1.630158 -1.630146 37.444950 -0.481103 0.481101 -0.732858
3.659194 -3.659194 5.286388 -0.669032 0.669032 0.323716
1.895096 -1.895084 37.044445 -0.557905 0.557903 -0.614399
3.099825 -3.099824 3.361933 -0.640556 0.640555 0.423530
2.100322 -2.100310 36.601376 -0.622139 0.622136 -0.475279
2.365556 -2.365556 1.406262 -0.609161 0.609161 0.507785
2.375697 -2.375691 21.738752 -0.644495 0.644493 -0.411406
2.043594 -2.043587 22.894121 -0.655053 0.655051 -0.376582
2.258374 -2.258363 36.096867 -0.663819 0.663817 -0.344516
2.012067 -2.012068 0.644935 -0.542163 0.542163 0.641965
2.754405 -2.754399 20.656080 -0.636821 0.636819 -0.434650
2.381786 -2.381776 35.512043 -0.691718 0.691716 -0.207495
1.685539 -1.685539 0.219297 -0.370026 0.370026 0.852151
3.134459 -3.134454 19.516172 -0.653806 0.653805 -0.380890
2.500763 -2.500753 34.232437 -0.706914 0.706912 -0.023424
1.299198 -1.299199 0.033697 -0.141962 0.141962 0.979639
3.470602 -3.470595 18.189095 -0.672446 0.672445 -0.309246
2.432752 -2.432742 33.082909 -0.699324 0.699321 0.147974
3.755881 -3.755876 16.818674 -0.679557 0.679555 -0.276418
2.261019 -2.261009 31.971695 -0.689741 0.689738 0.220270
3.999441 -3.999437 15.593672 -0.685524 0.685524 -0.245180
2.068831 -2.068821 30.807022 -0.695079 0.695077 0.183665
4.188830 -4.188827 14.409081 -0.695733 0.695732 -0.178641
0.356831 -0.618035 38.223011 -0.068624 0.118859 -0.990537
3.048759 -5.280603 13.159892 -0.497976 0.862520 -0.089879
2.961950 -5.130245 14.409081 -0.492029 0.852219 -0.177848
1.317457 -2.281891 28.360708 -0.497409 0.861535 0.101693
1.371403 -2.375329 29.497129 -0.496570 0.860082 0.116952
0.543510 -0.941373 38.155148 -0.132806 0.230024 -0.964081
3.079651 -5.334110 11.741103 -0.500000 0.866025 0.000795
0.730599 -1.265420 38.027645 -0.211323 0.366020 -0.906296
3.026548 -5.242135 9.389108 -0.497624 0.861910 0.097377
0.914271 -1.583549 37.821766 -0.283472 0.490985 -0.823758
2.864068 -4.960709 7.266491 -0.489037 0.847036 0.208263
1.212841 -2.100693 25.377268 -0.499723 0.865543 -0.033361
1.214739 -2.103981 26.382557 -0.499759 0.865606 0.031094
1.152697 -1.996516 37.444950 -0.342463 0.593161 -0.728615
2.587440 -4.481579 5.286388 -0.473406 0.819964 0.321786
1.340037 -2.320997 37.044445 -0.396274 0.686364 -0.609812
2.191907 -3.796496 3.361933 -0.453419 0.785345 0.421480
1.485154 -2.572348 36.601376 -0.440904 0.763665 -0.471614
1.672700 -2.897203 1.406262 -0.431400 0.747207 0.505545
1.679873 -2.909618 21.738752 -0.455371 0.788725 -0.412977
1.445040 -2.502874 22.894121 -0.470392 0.814740 -0.339013
1.596913 -2.765921 36.096867 -0.469794 0.813704 -0.342316
1.422747 -2.464271 0.644935 -0.386084 0.668717 0.635418
1.947659 -3.373439 20.656080 -0.450399 0.780113 -0.434240
1.684178 -2.917070 35.512043 -0.489298 0.847487 -0.205800
1.191856 -2.064356 0.219297 -0.269968 0.467599 0.841706
2.216398 -3.838907 19.516172 -0.462690 0.801401 -0.379044
1.768308 -3.062788 34.232437 -0.499867 0.865792 -0.023167
0.918672 -1.591187 0.033698 -0.108304 0.187588 0.976259
2.454085 -4.250597 18.189095 -0.475641 0.823834 -0.308322
1.720217 -2.979492 33.082909 -0.494572 0.856622 0.146958
2.655810 -4.599993 16.818674 -0.480545 0.832327 -0.276240
1.598783 -2.769162 31.971695 -0.487739 0.844787 0.220104
2.828033 -4.898292 15.593672 -0.484824 0.839738 -0.244511
1.462886 -2.533781 30.807022 -0.491409 0.851143 0.184590
1.533219 -5.722045 14.409081 -0.254656 0.950388 -0.178641
1.463898 -5.463336 15.593672 -0.250919 0.936443 -0.245180
0.709892 -2.649337 29.497129 -0.257053 0.959329 0.116667
0.757248 -2.826066 30.807022 -0.254418 0.949494 0.183665
0.184712 -0.689330 38.223011 -0.033852 0.126334 -0.991410
1.578153 -5.889744 13.159892 -0.257760 0.961977 -0.090332
0.681968 -2.545120 28.360708 -0.257662 0.961601 0.094516
0.281344 -1.049966 38.155148 -0.066559 0.248396 -0.966369
1.594145 -5.949426 11.741103 -0.258819 0.965926 0.000799
0.378188 -1.411394 38.027645 -0.107076 0.399609 -0.910411
1.566657 -5.846841 9.389108 -0.257575 0.961283 0.097929
0.473264 -1.766221 37.821766 -0.145118 0.541583 -0.828027
1.482551 -5.532952 7.266491 -0.253071 0.944475 0.209574
0.627814 -2.343019 25.377268 -0.258818 0.965919 0.003777
0.628797 -2.346686 26.382557 -0.258818 0.965919 0.003777
0.596683 -2.226826 37.444950 -0.176097 0.657198 -0.732858
1.339358 -4.998552 5.286388 -0.244883 0.913915 0.323716
0.693657 -2.588738 37.044445 -0.204209 0.762111 -0.614399
1.134615 -4.234439 3.361933 -0.234459 0.875015 0.423530
0.768775 -2.869082 36.601376 -0.227719 0.849855 -0.475279
0.865853 -3.231410 1.406262 -0.222968 0.832129 0.507785
0.869567 -3.245257 21.738752 -0.235901 0.880395 -0.411407
0.748009 -2.791595 22.894121 -0.239767 0.894818 -0.376581
0.826625 -3.084986 36.096867 -0.242975 0.906792 -0.344516
0.736467 -2.748535 0.644935 -0.198445 0.740609 0.641965
1.008184 -3.762582 20.656080 -0.233092 0.869912 -0.434650
0.871797 -3.253571 35.512043 -0.253187 0.944903 -0.207495
0.616950 -2.302489 0.219297 -0.135438 0.505465 0.852151
1.147293 -4.281746 19.516172 -0.239310 0.893115 -0.380890
0.915346 -3.416096 34.232437 -0.258749 0.965661 -0.023424
0.475540 -1.774738 0.033698 -0.051962 0.193924 0.979639
1.270331 -4.740924 18.189095 -0.246133 0.918578 -0.309246
0.890452 -3.323192 33.082909 -0.255970 0.955292 0.147974
1.374749 -5.130625 16.818674 -0.248735 0.928291 -0.276419
0.827593 -3.088600 31.971695 -0.252463 0.942201 0.220270
0.000004 -2.925761 30.807022 -0.000002 0.982989 0.183665
0.000004 -3.197555 31.971695 -0.000001 0.975439 0.220270
0.000001 -5.923897 14.409081 -0.000000 0.983914 -0.178641
0.000002 -5.656061 15.593672 -0.000000 0.969478 -0.245180
0.000003 -2.742796 29.497129 -0.000001 0.993171 0.116667
0.000005 -0.713649 38.223011 -0.000001 0.130791 -0.991410
0.000001 -6.097512 13.159892 -0.000000 0.995912 -0.090332
0.000004 -2.634903 28.360708 -0.000001 0.995523 0.094516
0.000005 -1.087007 38.155148 -0.000001 0.257159 -0.966369
0.000001 -6.159299 11.741103 -0.000000 1.000000 0.000798
0.000005 -1.461184 38.027645 -0.000001 0.413706 -0.910411
0.000001 -6.053095 9.389108 -0.000000 0.995193 0.097929
0.000005 -1.828528 37.821766 -0.000002 0.560689 -0.828026
0.000001 -5.728134 7.266491 -0.000000 0.977793 0.209574
0.000003 -2.425672 25.377268 -0.000002 0.999993 0.003777
0.000003 -2.429469 26.382557 -0.000002 0.999993 0.003777
0.000005 -2.305381 37.444950 -0.000002 0.680381 -0.732858
-0.000000 -5.174882 5.286388 0.000000 0.946154 0.323716
0.000005 -2.680060 37.044445 -0.000002 0.788996 -0.614399
0.000001 -4.383814 3.361933 -0.000000 0.905882 0.423530
0.000005 -2.970294 36.601376 -0.000002 0.879835 -0.475279
0.000000 -3.345401 1.406262 -0.000000 0.861484 0.507785
0.000003 -3.359738 21.738752 -0.000001 0.911452 -0.411406
0.000003 -2.890073 22.894121 -0.000001 0.926384 -0.376581
0.000005 -3.193814 36.096867 -0.000001 0.938780 -0.344517
-0.000000 -2.845493 0.644935 0.000000 0.766734 0.641964
0.000003 -3.895312 20.656080 -0.000001 0.900599 -0.434650
0.000004 -3.368345 35.512043 -0.000001 0.978236 -0.207495
-0.000000 -2.383712 0.219297 0.000000 0.523296 0.852151
0.000002 -4.432790 19.516172 -0.000001 0.924620 -0.380890
0.000004 -3.536605 34.232437 -0.000001 0.999726 -0.023424
-0.000000 -1.837344 0.033698 -0.000000 0.200765 0.979639
0.000003 -4.908167 18.189095 -0.000001 0.950982 -0.309246
0.000004 -3.440423 33.082909 -0.000001 0.988991 0.147974
0.000002 -5.311614 16.818674 -0.000000 0.961037 -0.276419
-1.463895 -5.463336 15.593672 0.250919 0.936443 -0.245181
-1.374745 -5.130625 16.818674 0.248734 0.928291 -0.276419
-0.757239 -2.826069 30.807022 0.254415 0.949495 0.183665
-0.827585 -3.088602 31.971695 0.252461 0.942202 0.220269
-1.533216 -5.722045 14.409081 0.254655 0.950388 -0.178641
-0.709886 -2.649339 29.497129 0.257050 0.959330 0.116667
-0.184702 -0.689333 38.223011 0.033850 0.126335 -0.991410
-1.578152 -5.889745 13.159892 0.257761 0.961977 -0.090332
-0.681960 -2.545122 28.360708 0.257658 0.961602 0.094516
-0.281334 -1.049969 38.155148 0.066556 0.248397 -0.966369
-1.594143 -5.949427 11.741103 0.258819 0.965926 0.000798
-0.378179 -1.411397 38.027645 0.107073 0.399610 -0.910411
-1.566656 -5.846841 9.389108 0.257575 0.961283 0.097929
-0.473254 -1.766223 37.821766 0.145115 0.541584 -0.828026
-1.482549 -5.532953 7.266491 0.253071 0.944475 0.209574
-0.627808 -2.343020 25.377268 0.258815 0.965919 0.003777
-0.628790 -2.346688 26.382557 0.258815 0.965919 0.003777
-0.596673 -2.226828 37.444950 0.176094 0.657198 -0.732858
-1.339358 -4.998552 5.286388 0.244883 0.913915 0.323716
-0.693647 -2.588741 37.044445 0.204206 0.762111 -0.614399
-1.134614 -4.234440 3.361933 0.234459 0.875015 0.423530
-0.768765 -2.869085 36.601376 0.227716 0.849856 -0.475279
-0.865853 -3.231410 1.406262 0.222968 0.832129 0.507785
-0.869562 -3.245258 21.738752 0.235900 0.880396 -0.411406
-0.748004 -2.791596 22.894121 0.239765 0.894818 -0.376581
-0.826616 -3.084988 36.096867 0.242973 0.906793 -0.344516
-0.736468 -2.748535 0.644935 0.198445 0.740609 0.641965
-1.008178 -3.762583 20.656080 0.233091 0.869912 -0.434650
-0.871789 -3.253573 35.512043 0.253185 0.944904 -0.207495
-0.616950 -2.302489 0.219297 0.135439 0.505465 0.852151
-1.147289 -4.281747 19.516172 0.239309 0.893115 -0.380890
-0.915338 -3.416099 34.232437 0.258746 0.965661 -0.023424
-0.475540 -1.774738 0.033698 0.051962 0.193924 0.979639
-1.270324 -4.740926 18.189095 0.246131 0.918578 -0.309246
-0.890444 -3.323194 33.082909 0.255968 0.955293 0.147974
-1.598776 -2.769166 31.971695 0.487737 0.844788 0.220104
-1.720211 -2.979495 33.082909 0.494571 0.856623 0.146958
-2.828030 -4.898293 15.593672 0.484823 0.839738 -0.244512
-2.655808 -4.599994 16.818674 0.480544 0.832327 -0.276240
-1.462880 -2.533785 30.807022 0.491407 0.851144 0.184589
-2.961950 -5.130248 14.409081 0.492029 0.852219 -0.177847
-1.371397 -2.375333 29.497129 0.496568 0.860083 0.116951
-0.356822 -0.618040 38.223011 0.068622 0.118860 -0.990537
-3.048756 -5.280601 13.159892 0.497976 0.862520 -0.089878
-1.317451 -2.281896 28.360708 0.497407 0.861536 0.101692
-0.543501 -0.941377 38.155148 0.132803 0.230025 -0.964081
-3.079650 -5.334110 11.741103 0.500000 0.866025 0.000794
-0.730591 -1.265425 38.027645 0.211321 0.366021 -0.906296
-3.026549 -5.242135 9.389108 0.497624 0.861910 0.097377
-0.914263 -1.583553 37.821766 0.283470 0.490987 -0.823758
-2.864068 -4.960710 7.266491 0.489036 0.847036 0.208263
-1.212836 -2.100696 25.377268 0.499721 0.865544 -0.033361
-1.214734 -2.103984 26.382557 0.499757 0.865607 0.031094
-1.152689 -1.996520 37.444950 0.342461 0.593162 -0.728615
-2.587441 -4.481579 5.286388 0.473406 0.819964 0.321786
-1.340028 -2.321002 37.044445 0.396272 0.686366 -0.609812
-2.191909 -3.796496 3.361933 0.453419 0.785344 0.421480
-1.485146 -2.572353 36.601376 0.440902 0.763666 -0.471614
-1.672700 -2.897202 1.406262 0.431400 0.747207 0.505545
-1.679869 -2.909620 21.738752 0.455370 0.788726 -0.412977
-1.445035 -2.502877 22.894121 0.470390 0.814741 -0.339013
-1.596905 -2.765926 36.096867 0.469791 0.813705 -0.342316
-1.422748 -2.464270 0.644935 0.386085 0.668717 0.635418
-1.947656 -3.373441 20.656080 0.450398 0.780114 -0.434240
-1.684171 -2.917074 35.512043 0.489296 0.847488 -0.205800
-1.191857 -2.064356 0.219297 0.269968 0.467599 0.841706
-2.216396 -3.838910 19.516172 0.462689 0.801401 -0.379044
-1.768302 -3.062792 34.232437 0.499865 0.865793 -0.023167
-0.918672 -1.591187 0.033698 0.108304 0.187588 0.976259
-2.454084 -4.250597 18.189095 0.475641 0.823835 -0.308322
-1.299198 -1.299199 0.033697 0.141962 0.141962 0.979639
-3.755878 -3.755879 16.818674 0.679556 0.679556 -0.276419
-3.470597 -3.470600 18.189095 0.672446 0.672446 -0.309246
-2.261013 -2.261015 31.971695 0.689739 0.689740 0.220270
-2.432746 -2.432748 33.082909 0.699322 0.699323 0.147974
-3.999439 -3.999439 15.593672 0.685524 0.685524 -0.245180
-2.068825 -2.068827 30.807022 0.695078 0.695079 0.183665
-4.188828 -4.188828 14.409081 0.695733 0.695732 -0.178641
-1.939450 -1.939451 29.497129 0.702277 0.702279 0.116667
-0.504626 -0.504628 38.223011 0.092482 0.092484 -0.991410
-4.311593 -4.311592 13.159892 0.704216 0.704216 -0.090332
-1.863158 -1.863159 28.360708 0.703941 0.703942 0.094516
-0.768630 -0.768632 38.155148 0.181838 0.181840 -0.966369
-4.355282 -4.355283 11.741103 0.707107 0.707107 0.000798
-1.033213 -1.033215 38.027645 0.292533 0.292535 -0.910411
-4.280184 -4.280185 9.389108 0.703708 0.703708 0.097929
-1.292964 -1.292966 37.821766 0.396466 0.396468 -0.828026
-4.050402 -4.050403 7.266491 0.691404 0.691404 0.209575
-1.715209 -1.715211 25.377268 0.707102 0.707102 0.003777
-1.717894 -1.717896 26.382557 0.707101 0.707102 0.003777
-1.630150 -1.630153 37.444950 0.481101 0.481103 -0.732858
-3.659194 -3.659194 5.286388 0.669032 0.669032 0.323716
-1.895089 -1.895091 37.044445 0.557903 0.557905 -0.614399
-3.099824 -3.099825 3.361933 0.640556 0.640555 0.423530
-2.100315 -2.100317 36.601376 0.622137 0.622138 -0.475279
-2.365556 -2.365556 1.406262 0.609161 0.609161 0.507786
-2.375693 -2.375694 21.738752 0.644494 0.644494 -0.411407
-2.043590 -2.043591 22.894121 0.655052 0.655053 -0.376581
-2.258367 -2.258369 36.096867 0.663817 0.663819 -0.344516
-2.012067 -2.012067 0.644935 0.542164 0.542163 0.641964
-2.754401 -2.754403 20.656080 0.636820 0.636820 -0.434650
-2.381780 -2.381781 35.512043 0.691717 0.691718 -0.207495
-1.685539 -1.685539 0.219297 0.370026 0.370026 0.852151
-3.134456 -3.134457 19.516172 0.653806 0.653805 -0.380890
-2.500757 -2.500759 34.232437 0.706913 0.706913 -0.023424
-2.321002 -1.340032 37.044445 0.683290 0.394499 -0.614399
-1.996520 -1.152693 37.444950 0.589227 0.340192 -0.732858
-3.796494 -2.191907 3.361933 0.784517 0.452941 0.423530
-4.481579 -2.587440 5.286388 0.819394 0.473077 0.323716
-2.572351 -1.485149 36.601376 0.761959 0.439919 -0.475279
-2.897202 -1.672700 1.406261 0.746067 0.430742 0.507786
-2.909619 -1.679869 21.738752 0.789340 0.455727 -0.411406
-2.502877 -1.445037 22.894121 0.802271 0.463193 -0.376581
-2.765925 -1.596908 36.096867 0.813007 0.469391 -0.344516
-2.464269 -1.422746 0.644934 0.664011 0.383367 0.641965
-3.373439 -1.947658 20.656080 0.779942 0.450300 -0.434650
-2.917074 -1.684174 35.512043 0.847177 0.489119 -0.207495
-2.064355 -1.191856 0.219297 0.453188 0.261648 0.852151
-3.838909 -2.216396 19.516172 0.800745 0.462311 -0.380890
-3.062791 -1.768303 34.232437 0.865787 0.499864 -0.023424
-1.591187 -0.918672 0.033697 0.173868 0.100383 0.979639
-4.250597 -2.454085 18.189095 0.823574 0.475491 -0.309246
-2.979495 -1.720212 33.082909 0.856491 0.494496 0.147974
-4.599993 -2.655807 16.818674 0.832283 0.480519 -0.276419
-2.769165 -1.598779 31.971695 0.844754 0.487721 0.220269
-4.898293 -2.828031 15.593671 0.839592 0.484739 -0.245180
-2.533784 -1.462882 30.807022 0.851293 0.491496 0.183665
-5.130246 -2.961949 14.409080 0.852095 0.491957 -0.178641
-2.375333 -1.371399 29.497129 0.860111 0.496586 0.116667
-0.618040 -0.356826 38.223011 0.113268 0.065396 -0.991410
-5.280601 -3.048756 13.159891 0.862485 0.497956 -0.090332
-2.281894 -1.317453 28.360708 0.862148 0.497763 0.094516
-0.941377 -0.543505 38.155148 0.222706 0.128580 -0.966369
-5.334109 -3.079650 11.741102 0.866025 0.500000 0.000799
-1.265424 -0.730594 38.027645 0.358279 0.206854 -0.910411
-5.242134 -3.026547 9.389107 0.861863 0.497597 0.097929
-1.583553 -0.914266 37.821766 0.485570 0.280346 -0.828026
-4.960709 -2.864067 7.266491 0.846793 0.488896 0.209574
-2.100695 -1.212837 25.377268 0.866019 0.499998 0.003777
-2.103983 -1.214736 26.382557 0.866019 0.499998 0.003777
-2.226830 -0.596678 37.444950 0.657198 0.176097 -0.732858
-1.766225 -0.473259 37.821766 0.541584 0.145119 -0.828026
-4.998552 -1.339357 5.286388 0.913915 0.244883 0.323716
-5.532952 -1.482550 7.266490 0.944475 0.253072 0.209574
-2.588742 -0.693652 37.044445 0.762111 0.204209 -0.614399
-4.234439 -1.134615 3.361933 0.875015 0.234460 0.423530
-2.869087 -0.768770 36.601376 0.849855 0.227720 -0.475279
-3.231409 -0.865853 1.406261 0.832129 0.222969 0.507785
-3.245259 -0.869564 21.738752 0.880395 0.235903 -0.411406
-2.791598 -0.748006 22.894121 0.894818 0.239767 -0.376581
-3.084990 -0.826621 36.096867 0.906792 0.242976 -0.344516
-2.748534 -0.736467 0.644934 0.740608 0.198446 0.641965
-3.762583 -1.008182 20.656080 0.869912 0.233094 -0.434650
-3.253575 -0.871792 35.512043 0.944903 0.253188 -0.207495
-2.302489 -0.616950 0.219297 0.505465 0.135439 0.852151
-4.281748 -1.147291 19.516172 0.893115 0.239310 -0.380890
-3.416101 -0.915341 34.232437 0.965660 0.258750 -0.023424
-1.774738 -0.475540 0.033697 0.193924 0.051962 0.979639
-4.740925 -1.270329 18.189095 0.918578 0.246133 -0.309246
-3.323195 -0.890447 33.082909 0.955292 0.255971 0.147974
-5.130626 -1.374747 16.818674 0.928291 0.248736 -0.276419
-3.088603 -0.827589 31.971695 0.942201 0.252464 0.220269
-5.463336 -1.463896 15.593671 0.936443 0.250920 -0.245180
-2.826070 -0.757244 30.807022 0.949494 0.254418 0.183665
-5.722046 -1.533217 14.409080 0.950388 0.254657 -0.178641
-2.649340 -0.709888 29.497129 0.959329 0.257053 0.116667
-0.689335 -0.184707 38.223011 0.126334 0.033852 -0.991410
-5.889745 -1.578151 13.159891 0.961977 0.257761 -0.090332
-2.545123 -0.681964 28.360708 0.961601 0.257663 0.094516
-1.049971 -0.281339 38.155148 0.248396 0.066559 -0.966369
-5.949427 -1.594144 11.741102 0.965925 0.258819 0.000798
-1.411399 -0.378183 38.027645 0.399609 0.107077 -0.910411
-5.846841 -1.566656 9.389107 0.961283 0.257575 0.097929
-2.343022 -0.627811 25.377268 0.965918 0.258819 0.003777
-2.346689 -0.628794 26.382557 0.965918 0.258819 0.003777
-2.550323 0.000000 24.252127 0.983545 0.000001 -0.180663
-1.275164 2.208646 24.252127 0.491774 -0.851774 -0.180663
-2.514841 0.000000 27.349777 0.994636 0.000001 0.103437
-1.257424 2.177918 27.349777 0.497319 -0.861379 0.103437
1.257417 2.177922 27.349777 -0.497317 -0.861381 0.103437
1.275158 2.208649 24.252127 -0.491771 -0.851775 -0.180664
2.514841 0.000007 27.349777 -0.994636 -0.000001 0.103437
2.550322 0.000006 24.252127 -0.983545 -0.000001 -0.180664
1.257423 -2.177911 27.349777 -0.497319 0.861379 0.103436
1.275164 -2.208639 24.252127 -0.491774 0.851774 -0.180663
-1.257418 -2.177915 27.349777 0.497317 0.861381 0.103437
-1.275159 -2.208643 24.252127 0.491772 0.851776 -0.180663
-2.634908 0.000000 28.360708 0.993021 0.000002 0.117939
-2.514841 0.000000 27.349777 0.994674 0.000002 0.103070
-2.429151 0.650889 27.349777 0.960782 -0.257439 0.103070
-2.545126 0.681965 28.360708 0.959185 -0.257011 0.117939
-2.429473 0.000000 26.382557 0.996128 0.000002 0.087920
-2.346692 0.628794 26.382557 0.962186 -0.257815 0.087920
-2.425676 0.000000 25.377268 0.993919 0.000002 -0.110110
-2.550323 0.000000 24.252127 0.984068 0.000002 -0.177791
-2.463423 0.660072 24.252127 0.950537 -0.254694 -0.177791
-2.343024 0.627811 25.377268 0.960053 -0.257244 -0.110110
-2.890076 0.000000 22.894121 0.970100 0.000001 -0.242705
-2.791600 0.748007 22.894121 0.937045 -0.251079 -0.242705
-2.177918 1.257421 27.349777 0.861414 -0.497336 0.103070
-2.281899 1.317455 28.360708 0.859982 -0.496509 0.117939
-2.103987 1.214737 26.382557 0.862673 -0.498063 0.087920
-2.208646 1.275162 24.252127 0.852229 -0.492033 -0.177791
-2.100698 1.212839 25.377268 0.860760 -0.496958 -0.110110
-2.502880 1.445038 22.894121 0.840132 -0.485049 -0.242705
-1.778264 1.778263 27.349777 0.703342 -0.703340 0.103070
-1.863164 1.863163 28.360708 0.702173 -0.702171 0.117940
-1.717899 1.717898 26.382557 0.704370 -0.704368 0.087920
-1.803353 1.803352 24.252127 0.695842 -0.695840 -0.177791
-1.715214 1.715213 25.377268 0.702808 -0.702806 -0.110110
-2.043594 2.043593 22.894121 0.685965 -0.685964 -0.242705
-1.257424 2.177918 27.349777 0.497338 -0.861412 0.103070
-1.317457 2.281899 28.360708 0.496512 -0.859981 0.117940
-1.214739 2.103987 26.382557 0.498065 -0.862671 0.087920
-1.275164 2.208646 24.252127 0.492035 -0.852228 -0.177791
-1.212841 2.100699 25.377268 0.496961 -0.860759 -0.110110
-1.445040 2.502881 22.894121 0.485051 -0.840131 -0.242705
-0.650892 2.429153 27.349777 0.257442 -0.960781 0.103070
-0.681968 2.545129 28.360708 0.257014 -0.959184 0.117940
-0.628797 2.346693 26.382557 0.257818 -0.962185 0.087920
-0.660075 2.463425 24.252127 0.254697 -0.950537 -0.177791
-0.627814 2.343025 25.377268 0.257246 -0.960052 -0.110110
-0.748010 2.791601 22.894121 0.251081 -0.937045 -0.242705
-0.000004 2.514845 27.349777 0.000001 -0.994674 0.103070
-0.000004 2.634912 28.360708 0.000001 -0.993021 0.117940
-0.000004 2.429476 26.382557 0.000001 -0.996127 0.087920
-0.000003 2.550326 24.252127 0.000001 -0.984068 -0.177791
-0.000003 2.425679 25.377268 0.000001 -0.993919 -0.110109
-0.000003 2.890079 22.894121 0.000001 -0.970100 -0.242705
0.748004 2.791603 22.894121 -0.251079 -0.937045 -0.242705
0.660069 2.463427 24.252127 -0.254694 -0.950537 -0.177791
0.650885 2.429155 27.349777 -0.257439 -0.960782 0.103070
0.681961 2.545130 28.360708 -0.257011 -0.959185 0.117940
0.628790 2.346695 26.382557 -0.257815 -0.962186 0.087920
0.627808 2.343027 25.377268 -0.257244 -0.960053 -0.110109
1.275158 2.208649 24.252127 -0.492033 -0.852229 -0.177791
1.212835 2.100702 25.377268 -0.496959 -0.860760 -0.110109
1.445035 2.502884 22.894121 -0.485049 -0.840132 -0.242705
1.257417 2.177922 27.349777 -0.497336 -0.861414 0.103070
1.317450 2.281903 28.360708 -0.496509 -0.859982 0.117940
1.214734 2.103991 26.382557 -0.498063 -0.862672 0.087919
1.803348 1.803356 24.252127 -0.695841 -0.695842 -0.177791
1.715209 1.715218 25.377268 -0.702806 -0.702808 -0.110109
2.043590 2.043597 22.894121 -0.685964 -0.685965 -0.242705
1.778258 1.778267 27.349777 -0.703340 -0.703342 0.103070
1.863158 1.863168 28.360708 -0.702171 -0.702173 0.117940
1.717894 1.717903 26.382557 -0.704368 -0.704369 0.087919
2.208642 1.275167 24.252127 -0.852228 -0.492035 -0.177791
2.100695 1.212844 25.377268 -0.860759 -0.496961 -0.110110
2.502877 1.445043 22.894121 -0.840131 -0.485051 -0.242705
2.177914 1.257427 27.349777 -0.861412 -0.497338 0.103070
2.281895 1.317461 28.360708 -0.859981 -0.496512 0.117939
2.103983 1.214743 26.382557 -0.862671 -0.498065 0.087920
2.463421 0.660078 24.252127 -0.950537 -0.254697 -0.177791
2.343022 0.627818 25.377268 -0.960052 -0.257247 -0.110110
2.791598 0.748012 22.894121 -0.937044 -0.251082 -0.242705
2.429149 0.650896 27.349777 -0.960781 -0.257442 0.103070
2.545124 0.681972 28.360708 -0.959184 -0.257014 0.117939
2.346689 0.628801 26.382557 -0.962185 -0.257818 0.087920
2.429472 0.000007 26.382557 -0.996128 -0.000002 0.087920
2.514841 0.000007 27.349777 -0.994674 -0.000001 0.103070
2.550322 0.000006 24.252127 -0.984068 -0.000001 -0.177791
2.425675 0.000007 25.377268 -0.993919 -0.000001 -0.110110
2.890076 0.000006 22.894121 -0.970100 -0.000001 -0.242705
2.634908 0.000007 28.360708 -0.993021 -0.000001 0.117939
2.429150 -0.650882 27.349777 -0.960782 0.257440 0.103070
2.545126 -0.681957 28.360708 -0.959185 0.257012 0.117939
2.346691 -0.628787 26.382557 -0.962186 0.257816 0.087920
2.463423 -0.660066 24.252127 -0.950537 0.254695 -0.177791
2.343023 -0.627804 25.377268 -0.960053 0.257244 -0.110110
2.791599 -0.748001 22.894121 -0.937045 0.251080 -0.242705
2.177917 -1.257414 27.349777 -0.861414 0.497336 0.103070
2.281898 -1.317447 28.360708 -0.859982 0.496509 0.117939
2.103987 -1.214730 26.382557 -0.862672 0.498063 0.087919
2.208645 -1.275155 24.252127 -0.852229 0.492033 -0.177791
2.100698 -1.212831 25.377268 -0.860760 0.496959 -0.110110
2.502880 -1.445032 22.894121 -0.840132 0.485049 -0.242705
1.778263 -1.778255 27.349777 -0.703342 0.703340 0.103070
1.863163 -1.863154 28.360708 -0.702173 0.702171 0.117939
1.717899 -1.717891 26.382557 -0.704370 0.704367 0.087919
1.803352 -1.803345 24.252127 -0.695842 0.695840 -0.177791
1.715214 -1.715206 25.377268 -0.702809 0.702806 -0.110109
2.043594 -2.043587 22.894121 -0.685965 0.685964 -0.242705
1.257423 -2.177911 27.349777 -0.497338 0.861412 0.103069
1.317457 -2.281891 28.360708 -0.496512 0.859981 0.117939
1.214739 -2.103981 26.382557 -0.498065 0.862671 0.087919
1.275164 -2.208639 24.252127 -0.492035 0.852228 -0.177791
1.212841 -2.100693 25.377268 -0.496961 0.860759 -0.110109
1.445040 -2.502874 22.894121 -0.485051 0.840131 -0.242705
0.650892 -2.429145 27.349777 -0.257442 0.960781 0.103070
0.681968 -2.545120 28.360708 -0.257014 0.959184 0.117939
0.628797 -2.346686 26.382557 -0.257818 0.962185 0.087919
0.660075 -2.463418 24.252127 -0.254697 0.950537 -0.177791
0.627814 -2.343019 25.377268 -0.257246 0.960052 -0.110109
0.748009 -2.791595 22.894121 -0.251081 0.937044 -0.242705
0.000003 -2.514837 27.349777 -0.000001 0.994674 0.103070
0.000004 -2.634903 28.360708 -0.000001 0.993021 0.117939
0.000003 -2.429469 26.382557 -0.000001 0.996128 0.087919
0.000003 -2.550319 24.252127 -0.000001 0.984068 -0.177791
0.000003 -2.425672 25.377268 -0.000001 0.993919 -0.110109
0.000003 -2.890073 22.894121 -0.000001 0.970100 -0.242705
-0.650885 -2.429147 27.349777 0.257439 0.960782 0.103070
-0.681960 -2.545122 28.360708 0.257011 0.959185 0.117939
-0.628790 -2.346688 26.382557 0.257815 0.962186 0.087919
-0.660069 -2.463420 24.252127 0.254694 0.950537 -0.177791
-0.627808 -2.343020 25.377268 0.257243 0.960053 -0.110109
-0.748004 -2.791596 22.894121 0.251079 0.937045 -0.242705
-1.257418 -2.177915 27.349777 0.497336 0.861414 0.103070
-1.317451 -2.281896 28.360708 0.496509 0.859982 0.117940
-1.214734 -2.103984 26.382557 0.498063 0.862672 0.087919
-1.275159 -2.208643 24.252127 0.492033 0.852229 -0.177791
-1.212836 -2.100696 25.377268 0.496959 0.860760 -0.110110
-1.445035 -2.502877 22.894121 0.485049 0.840132 -0.242705
-1.778258 -1.778259 27.349777 0.703341 0.703341 0.103070
-1.863158 -1.863159 28.360708 0.702172 0.702172 0.117939
-1.717894 -1.717896 26.382557 0.704368 0.704369 0.087919
-1.803348 -1.803349 24.252127 0.695841 0.695842 -0.177791
-1.715209 -1.715211 25.377268 0.702807 0.702807 -0.110110
-2.043590 -2.043591 22.894121 0.685964 0.685965 -0.242705
-2.208642 -1.275161 24.252127 0.852228 0.492035 -0.177791
-2.100695 -1.212837 25.377268 0.860759 0.496961 -0.110110
-2.502877 -1.445037 22.894121 0.840131 0.485051 -0.242705
-2.177913 -1.257420 27.349777 0.861412 0.497338 0.103069
-2.281894 -1.317453 28.360708 0.859981 0.496511 0.117939
-2.103983 -1.214736 26.382557 0.862671 0.498065 0.087919
-2.463421 -0.660072 24.252127 0.950537 0.254697 -0.177791
-2.343022 -0.627811 25.377268 0.960052 0.257247 -0.110109
-2.791598 -0.748006 22.894121 0.937044 0.251082 -0.242705
-2.429148 -0.650888 27.349777 0.960781 0.257443 0.103070
-2.545123 -0.681964 28.360708 0.959184 0.257015 0.117939
-2.346689 -0.628794 26.382557 0.962185 0.257819 0.087919
3 0 1 2
3 3 4 5
3 2 1 6
3 3 5 7
3 6 1 8
3 3 7 9
3 8 1 10
3 3 9 11
3 10 1 12
3 3 11 13
3 12 1 14
3 3 13 15
3 14 1 16
3 3 15 17
3 16 1 18
3 3 17 19
3 18 1 20
3 3 19 21
3 20 1 22
3 3 21 23
3 22 1 24
3 3 23 25
3 24 1 26
3 3 25 27
3 26 1 28
3 3 27 29
3 28 1 30
3 3 29 31
3 30 1 32
3 3 31 33
3 32 1 34
3 3 33 35
3 34 1 36
3 3 35 37
3 3 37 38
3 36 1 39
3 3 38 40
3 39 1 41
3 41 1 42
3 3 40 43
3 42 1 44
3 3 43 45
3 44 1 46
3 3 45 47
3 46 1 48
3 3 47 49
3 48 1 0
3 3 49 4
3 0 1 10
3 3 4 11
3 10 1 18
3 3 11 19
3 18 1 26
3 3 19 27
3 26 1 34
3 3 27 35
3 34 1 42
3 3 35 43
3 42 1 0
3 3 43 4
3 50 51 52
3 50 52 53
3 54 55 56
3 54 56 57
3 58 59 60
3 58 60 61
3 51 62 63
3 51 63 52
3 55 64 65
3 55 65 56
3 59 66 67
3 59 67 60
3 62 68 69
3 62 69 63
3 64 0 2
3 64 2 65
3 66 70 71
3 66 71 67
3 68 72 73
3 68 73 69
3 70 74 75
3 70 75 71
3 72 76 77
3 72 77 73
3 74 78 79
3 74 79 75
3 76 80 81
3 76 81 77
3 4 82 83
3 4 83 5
3 78 84 85
3 78 85 79
3 80 86 87
3 80 87 81
3 82 88 89
3 82 89 83
3 84 90 91
3 84 91 85
3 88 92 93
3 88 93 89
3 90 94 95
3 90 95 91
3 92 96 97
3 92 97 93
3 94 98 99
3 94 99 95
3 100 101 102
3 100 102 103
3 96 104 105
3 96 105 97
3 98 106 107
3 98 107 99
3 104 108 109
3 104 109 105
3 106 110 111
3 106 111 107
3 108 112 113
3 108 113 109
3 110 114 115
3 110 115 111
3 116 117 118
3 116 118 119
3 112 50 53
3 112 53 113
3 114 54 57
3 114 57 115
3 117 58 61
3 117 61 118
3 57 56 120
3 57 120 121
3 61 60 122
3 61 122 123
3 52 63 124
3 52 124 125
3 56 65 126
3 56 126 120
3 60 67 127
3 60 127 122
3 63 69 128
3 63 128 124
3 65 2 6
3 65 6 126
3 67 71 129
3 67 129 127
3 69 73 130
3 69 130 128
3 71 75 131
3 71 131 129
3 73 77 132
3 73 132 130
3 75 79 133
3 75 133 131
3 77 81 134
3 77 134 132
3 5 83 135
3 5 135 7
3 79 85 136
3 79 136 133
3 81 87 137
3 81 137 134
3 83 89 138
3 83 138 135
3 85 91 139
3 85 139 136
3 89 93 140
3 89 140 138
3 91 95 141
3 91 141 139
3 93 97 142
3 93 142 140
3 95 99 143
3 95 143 141
3 103 102 144
3 103 144 145
3 97 105 146
3 97 146 142
3 99 107 147
3 99 147 143
3 105 109 148
3 105 148 146
3 107 111 149
3 107 149 147
3 109 113 150
3 109 150 148
3 111 115 151
3 111 151 149
3 119 118 152
3 119 152 153
3 113 53 154
3 113 154 150
3 115 57 121
3 115 121 151
3 118 61 123
3 118 123 152
3 53 52 125
3 53 125 154
3 152 123 155
3 152 155 156
3 154 125 157
3 154 157 158
3 121 120 159
3 121 159 160
3 123 122 161
3 123 161 155
3 125 124 162
3 125 162 157
3 120 126 163
3 120 163 159
3 122 127 164
3 122 164 161
3 124 128 165
3 124 165 162
3 126 6 8
3 126 8 163
3 127 129 166
3 127 166 164
3 128 130 167
3 128 167 165
3 129 131 168
3 129 168 166
3 130 132 169
3 130 169 167
3 131 133 170
3 131 170 168
3 132 134 171
3 132 171 169
3 7 135 172
3 7 172 9
3 133 136 173
3 133 173 170
3 134 137 174
3 134 174 171
3 135 138 175
3 135 175 172
3 136 139 176
3 136 176 173
3 138 140 177
3 138 177 175
3 139 141 178
3 139 178 176
3 140 142 179
3 140 179 177
3 141 143 180
3 141 180 178
3 145 144 181
3 145 181 182
3 142 146 183
3 142 183 179
3 143 147 184
3 143 184 180
3 146 148 185
3 146 185 183
3 147 149 186
3 147 186 184
3 148 150 187
3 148 187 185
3 149 151 188
3 149 188 186
3 153 152 156
3 153 156 189
3 150 154 158
3 150 158 187
3 151 121 160
3 151 160 188
3 187 158 190
3 187 190 191
3 188 160 192
3 188 192 193
3 156 155 194
3 156 194 195
3 158 157 196
3 158 196 190
3 160 159 197
3 160 197 192
3 155 161 198
3 155 198 194
3 157 162 199
3 157 199 196
3 159 163 200
3 159 200 197
3 161 164 201
3 161 201 198
3 162 165 202
3 162 202 199
3 163 8 10
3 163 10 200
3 164 166 203
3 164 203 201
3 165 167 204
3 165 204 202
3 166 168 205
3 166 205 203
3 167 169 206
3 167 206 204
3 168 170 207
3 168 207 205
3 169 171 208
3 169 208 206
3 9 172 209
3 9 209 11
3 170 173 210
3 170 210 207
3 171 174 211
3 171 211 208
3 172 175 212
3 172 212 209
3 173 176 213
3 173 213 210
3 175 177 214
3 175 214 212
3 176 178 215
3 176 215 213
3 177 179 216
3 177 216 214
3 178 180 217
3 178 217 215
3 182 181 218
3 182 218 219
3 179 183 220
3 179 220 216
3 180 184 221
3 180 221 217
3 183 185 222
3 183 222 220
3 184 186 223
3 184 223 221
3 185 187 191
3 185 191 222
3 186 188 193
3 186 193 223
3 189 156 195
3 189 195 224
3 224 195 225
3 224 225 226
3 191 190 227
3 191 227 228
3 193 192 229
3 193 229 230
3 195 194 231
3 195 231 225
3 190 196 232
3 190 232 227
3 192 197 233
3 192 233 229
3 194 198 234
3 194 234 231
3 196 199 235
3 196 235 232
3 197 200 236
3 197 236 233
3 198 201 237
3 198 237 234
3 199 202 238
3 199 238 235
3 200 10 12
3 200 12 236
3 201 203 239
3 201 239 237
3 202 204 240
3 202 240 238
3 203 205 241
3 203 241 239
3 204 206 242
3 204 242 240
3 205 207 243
3 205 243 241
3 206 208 244
3 206 244 242
3 11 209 245
3 11 245 13
3 207 210 246
3 207 246 243
3 208 211 247
3 208 247 244
3 209 212 248
3 209 248 245
3 210 213 249
3 210 249 246
3 212 214 250
3 212 250 248
3 213 215 251
3 213 251 249
3 214 216 252
3 214 252 250
3 215 217 253
3 215 253 251
3 219 218 254
3 219 254 255
3 216 220 256
3 216 256 252
3 217 221 257
3 217 257 253
3 220 222 258
3 220 258 256
3 221 223 259
3 221 259 257
3 222 191 228
3 222 228 258
3 223 193 230
3 223 230 259
3 258 228 260
3 258 260 261
3 259 230 262
3 259 262 263
3 226 225 264
3 226 264 265
3 228 227 266
3 228 266 260
3 230 229 267
3 230 267 262
3 225 231 268
3 225 268 264
3 227 232 269
3 227 269 266
3 229 233 270
3 229 270 267
3 231 234 271
3 231 271 268
3 232 235 272
3 232 272 269
3 233 236 273
3 233 273 270
3 234 237 274
3 234 274 271
3 235 238 275
3 235 275 272
3 236 12 14
3 236 14 273
3 237 239 276
3 237 276 274
3 238 240 277
3 238 277 275
3 239 241 278
3 239 278 276
3 240 242 279
3 240 279 277
3 241 243 280
3 241 280 278
3 242 244 281
3 242 281 279
3 13 245 282
3 13 282 15
3 243 246 283
3 243 283 280
3 244 247 284
3 244 284 281
3 245 248 285
3 245 285 282
3 246 249 286
3 246 286 283
3 248 250 287
3 248 287 285
3 249 251 288
3 249 288 286
3 250 252 289
3 250 289 287
3 251 253 290
3 251 290 288
3 255 254 291
3 255 291 292
3 252 256 293
3 252 293 289
3 253 257 294
3 253 294 290
3 256 258 261
3 256 261 293
3 257 259 263
3 257 263 294
3 294 263 295
3 294 295 296
3 261 260 297
3 261 297 298
3 263 262 299
3 263 299 295
3 265 264 300
3 265 300 301
3 260 266 302
3 260 302 297
3 262 267 303
3 262 303 299
3 264 268 304
3 264 304 300
3 266 269 305
3 266 305 302
3 267 270 306
3 267 306 303
3 268 271 307
3 268 307 304
3 269 272 308
3 269 308 305
3 270 273 309
3 270 309 306
3 271 274 310
3 271 310 307
3 272 275 311
3 272 311 308
3 273 14 16
3 273 16 309
3 274 276 312
3 274 312 310
3 275 277 313
3 275 313 311
3 276 278 314
3 276 314 312
3 277 279 315
3 277 315 313
3 278 280 316
3 278 316 314
3 279 281 317
3 279 317 315
3 15 282 318
3 15 318 17
3 280 283 319
3 280 319 316
3 281 284 320
3 281 320 317
3 282 285 321
3 282 321 318
3 283 286 322
3 283 322 319
3 285 287 323
3 285 323 321
3 286 288 324
3 286 324 322
3 287 289 325
3 287 325 323
3 288 290 326
3 288 326 324
3 292 291 327
3 292 327 328
3 289 293 329
3 289 329 325
3 290 294 296
3 290 296 326
3 293 261 298
3 293 298 329
3 329 298 330
3 329 330 331
3 296 295 332
3 296 332 333
3 298 297 334
3 298 334 330
3 295 299 335
3 295 335 332
3 301 300 336
3 301 336 337
3 297 302 338
3 297 338 334
3 299 303 339
3 299 339 335
3 300 304 340
3 300 340 336
3 302 305 341
3 302 341 338
3 303 306 342
3 303 342 339
3 304 307 343
3 304 343 340
3 305 308 344
3 305 344 341
3 306 309 345
3 306 345 342
3 307 310 346
3 307 346 343
3 308 311 347
3 308 347 344
3 309 16 18
3 309 18 345
3 310 312 348
3 310 348 346
3 311 313 349
3 311 349 347
3 312 314 350
3 312 350 348
3 313 315 351
3 313 351 349
3 314 316 352
3 314 352 350
3 315 317 353
3 315 353 351
3 17 318 354
3 17 354 19
3 316 319 355
3 316 355 352
3 317 320 356
3 317 356 353
3 318 321 357
3 318 357 354
3 319 322 358
3 319 358 355
3 321 323 359
3 321 359 357
3 322 324 360
3 322 360 358
3 323 325 361
3 323 361 359
3 324 326 362
3 324 362 360
3 328 327 363
3 328 363 364
3 325 329 331
3 325 331 361
3 326 296 333
3 326 333 362
3 361 331 365
3 361 365 366
3 362 333 367
3 362 367 368
3 331 330 369
3 331 369 365
3 333 332 370
3 333 370 367
3 330 334 371
3 330 371 369
3 332 335 372
3 332 372 370
3 337 336 373
3 337 373 374
3 334 338 375
3 334 375 371
3 335 339 376
3 335 376 372
3 336 340 377
3 336 377 373
3 338 341 378
3 338 378 375
3 339 342 379
3 339 379 376
3 340 343 380
3 340 380 377
3 341 344 381
3 341 381 378
3 342 345 382
3 342 382 379
3 343 346 383
3 343 383 380
3 344 347 384
3 344 384 381
3 345 18 20
3 345 20 382
3 346 348 385
3 346 385 383
3 347 349 386
3 347 386 384
3 348 350 387
3 348 387 385
3 349 351 388
3 349 388 386
3 350 352 389
3 350 389 387
3 351 353 390
3 351 390 388
3 19 354 391
3 19 391 21
3 352 355 392
3 352 392 389
3 353 356 393
3 353 393 390
3 354 357 394
3 354 394 391
3 355 358 395
3 355 395 392
3 357 359 396
3 357 396 394
3 358 360 397
3 358 397 395
3 359 361 366
3 359 366 396
3 360 362 368
3 360 368 397
3 364 363 398
3 364 398 399
3 399 398 400
3 399 400 401
3 366 365 402
3 366 402 403
3 368 367 404
3 368 404 405
3 365 369 406
3 365 406 402
3 367 370 407
3 367 407 404
3 369 371 408
3 369 408 406
3 370 372 409
3 370 409 407
3 374 373 410
3 374 410 411
3 371 375 412
3 371 412 408
3 372 376 413
3 372 413 409
3 373 377 414
3 373 414 410
3 375 378 415
3 375 415 412
3 376 379 416
3 376 416 413
3 377 380 417
3 377 417 414
3 378 381 418
3 378 418 415
3 379 382 419
3 379 419 416
3 380 383 420
3 380 420 417
3 381 384 421
3 381 421 418
3 382 20 22
3 382 22 419
3 383 385 422
3 383 422 420
3 384 386 423
3 384 423 421
3 385 387 424
3 385 424 422
3 386 388 425
3 386 425 423
3 387 389 426
3 387 426 424
3 388 390 427
3 388 427 425
3 21 391 428
3 21 428 23
3 389 392 429
3 389 429 426
3 390 393 430
3 390 430 427
3 391 394 431
3 391 431 428
3 392 395 432
3 392 432 429
3 394 396 433
3 394 433 431
3 395 397 434
3 395 434 432
3 396 366 403
3 396 403 433
3 397 368 405
3 397 405 434
3 433 403 435
3 433 435 436
3 434 405 437
3 434 437 438
3 401 400 439
3 401 439 440
3 403 402 441
3 403 441 435
3 405 404 442
3 405 442 437
3 402 406 443
3 402 443 441
3 404 407 444
3 404 444 442
3 406 408 445
3 406 445 443
3 407 409 446
3 407 446 444
3 411 410 447
3 411 447 448
3 408 412 449
3 408 449 445
3 409 413 450
3 409 450 446
3 410 414 451
3 410 451 447
3 412 415 452
3 412 452 449
3 413 416 453
3 413 453 450
3 414 417 454
3 414 454 451
3 415 418 455
3 415 455 452
3 416 419 456
3 416 456 453
3 417 420 457
3 417 457 454
3 418 421 458
3 418 458 455
3 419 22 24
3 419 24 456
3 420 422 459
3 420 459 457
3 421 423 460
3 421 460 458
3 422 424 461
3 422 461 459
3 423 425 462
3 423 462 460
3 424 426 463
3 424 463 461
3 425 427 464
3 425 464 462
3 23 428 465
3 23 465 25
3 426 429 466
3 426 466 463
3 427 430 467
3 427 467 464
3 428 431 468
3 428 468 465
3 429 432 469
3 429 469 466
3 431 433 436
3 431 436 468
3 432 434 438
3 432 438 469
3 469 438 470
3 469 470 471
3 436 435 472
3 436 472 473
3 438 437 474
3 438 474 470
3 440 439 475
3 440 475 476
3 435 441 477
3 435 477 472
3 437 442 478
3 437 478 474
3 441 443 479
3 441 479 477
3 442 444 480
3 442 480 478
3 443 445 481
3 443 481 479
3 444 446 482
3 444 482 480
3 448 447 483
3 448 483 484
3 445 449 485
3 445 485 481
3 446 450 486
3 446 486 482
3 447 451 487
3 447 487 483
3 449 452 488
3 449 488 485
3 450 453 489
3 450 489 486
3 451 454 490
3 451 490 487
3 452 455 491
3 452 491 488
3 453 456 492
3 453 492 489
3 454 457 493
3 454 493 490
3 455 458 494
3 455 494 491
3 456 24 26
3 456 26 492
3 457 459 495
3 457 495 493
3 458 460 496
3 458 496 494
3 459 461 497
3 459 497 495
3 460 462 498
3 460 498 496
3 461 463 499
3 461 499 497
3 462 464 500
3 462 500 498
3 25 465 501
3 25 501 27
3 463 466 502
3 463 502 499
3 464 467 503
3 464 503 500
3 465 468 504
3 465 504 501
3 466 469 471
3 466 471 502
3 468 436 473
3 468 473 504
3 504 473 505
3 504 505 506
3 471 470 507
3 471 507 508
3 473 472 509
3 473 509 505
3 470 474 510
3 470 510 507
3 476 475 511
3 476 511 512
3 472 477 513
3 472 513 509
3 474 478 514
3 474 514 510
3 477 479 515
3 477 515 513
3 478 480 516
3 478 516 514
3 479 481 517
3 479 517 515
3 480 482 518
3 480 518 516
3 484 483 519
3 484 519 520
3 481 485 521
3 481 521 517
3 482 486 522
3 482 522 518
3 483 487 523
3 483 523 519
3 485 488 524
3 485 524 521
3 486 489 525
3 486 525 522
3 487 490 526
3 487 526 523
3 488 491 527
3 488 527 524
3 489 492 528
3 489 528 525
3 490 493 529
3 490 529 526
3 491 494 530
3 491 530 527
3 492 26 28
3 492 28 528
3 493 495 531
3 493 531 529
3 494 496 532
3 494 532 530
3 495 497 533
3 495 533 531
3 496 498 534
3 496 534 532
3 497 499 535
3 497 535 533
3 498 500 536
3 498 536 534
3 27 501 537
3 27 537 29
3 499 502 538
3 499 538 535
3 500 503 539
3 500 539 536
3 501 504 506
3 501 506 537
3 502 471 508
3 502 508 538
3 537 506 540
3 537 540 541
3 538 508 542
3 538 542 543
3 506 505 544
3 506 544 540
3 508 507 545
3 508 545 542
3 505 509 546
3 505 546 544
3 507 510 547
3 507 547 545
3 512 511 548
3 512 548 549
3 509 513 550
3 509 550 546
3 510 514 551
3 510 551 547
3 513 515 552
3 513 552 550
3 514 516 553
3 514 553 551
3 515 517 554
3 515 554 552
3 516 518 555
3 516 555 553
3 520 519 556
3 520 556 557
3 517 521 558
3 517 558 554
3 518 522 559
3 518 559 555
3 519 523 560
3 519 560 556
3 521 524 561
3 521 561 558
3 522 525 562
3 522 562 559
3 523 526 563
3 523 563 560
3 524 527 564
3 524 564 561
3 525 528 565
3 525 565 562
3 526 529 566
3 526 566 563
3 527 530 567
3 527 567 564
3 528 28 30
3 528 30 565
3 529 531 568
3 529 568 566
3 530 532 569
3 530 569 567
3 531 533 570
3 531 570 568
3 532 534 571
3 532 571 569
3 533 535 572
3 533 572 570
3 534 536 573
3 534 573 571
3 29 537 541
3 29 541 31
3 535 538 543
3 535 543 572
3 536 539 574
3 536 574 573
3 573 574 575
3 573 575 576
3 541 540 577
3 541 577 578
3 543 542 579
3 543 579 580
3 540 544 581
3 540 581 577
3 542 545 582
3 542 582 579
3 544 546 583
3 544 583 581
3 545 547 584
3 545 584 582
3 549 548 585
3 549 585 586
3 546 550 587
3 546 587 583
3 547 551 588
3 547 588 584
3 550 552 589
3 550 589 587
3 551 553 590
3 551 590 588
3 552 554 591
3 552 591 589
3 553 555 592
3 553 592 590
3 557 556 593
3 557 593 594
3 554 558 595
3 554 595 591
3 555 559 596
3 555 596 592
3 556 560 597
3 556 597 593
3 558 561 598
3 558 598 595
3 559 562 599
3 559 599 596
3 560 563 600
3 560 600 597
3 561 564 601
3 561 601 598
3 562 565 602
3 562 602 599
3 563 566 603
3 563 603 600
3 564 567 604
3 564 604 601
3 565 30 32
3 565 32 602
3 566 568 605
3 566 605 603
3 567 569 606
3 567 606 604
3 568 570 607
3 568 607 605
3 569 571 608
3 569 608 606
3 570 572 609
3 570 609 607
3 571 573 576
3 571 576 608
3 31 541 578
3 31 578 33
3 572 543 580
3 572 580 609
3 33 578 610
3 33 610 35
3 609 580 611
3 609 611 612
3 576 575 613
3 576 613 614
3 578 577 615
3 578 615 610
3 580 579 616
3 580 616 611
3 577 581 617
3 577 617 615
3 579 582 618
3 579 618 616
3 581 583 619
3 581 619 617
3 582 584 620
3 582 620 618
3 586 585 621
3 586 621 622
3 583 587 623
3 583 623 619
3 584 588 624
3 584 624 620
3 587 589 625
3 587 625 623
3 588 590 626
3 588 626 624
3 589 591 627
3 589 627 625
3 590 592 628
3 590 628 626
3 594 593 629
3 594 629 630
3 591 595 631
3 591 631 627
3 592 596 632
3 592 632 628
3 593 597 633
3 593 633 629
3 595 598 634
3 595 634 631
3 596 599 635
3 596 635 632
3 597 600 636
3 597 636 633
3 598 601 637
3 598 637 634
3 599 602 638
3 599 638 635
3 600 603 639
3 600 639 636
3 601 604 640
3 601 640 637
3 602 32 34
3 602 34 638
3 603 605 641
3 603 641 639
3 604 606 642
3 604 642 640
3 605 607 643
3 605 643 641
3 606 608 644
3 606 644 642
3 607 609 612
3 607 612 643
3 608 576 614
3 608 614 644
3 643 612 645
3 643 645 646
3 644 614 647
3 644 647 648
3 35 610 649
3 35 649 37
3 612 611 650
3 612 650 645
3 614 613 651
3 614 651 647
3 610 615 652
3 610 652 649
3 611 616 653
3 611 653 650
3 615 617 654
3 615 654 652
3 616 618 655
3 616 655 653
3 617 619 656
3 617 656 654
3 618 620 657
3 618 657 655
3 622 621 658
3 622 658 659
3 619 623 660
3 619 660 656
3 620 624 661
3 620 661 657
3 623 625 662
3 623 662 660
3 624 626 663
3 624 663 661
3 625 627 664
3 625 664 662
3 626 628 665
3 626 665 663
3 630 629 666
3 630 666 667
3 627 631 668
3 627 668 664
3 628 632 669
3 628 669 665
3 629 633 670
3 629 670 666
3 631 634 671
3 631 671 668
3 632 635 672
3 632 672 669
3 633 636 673
3 633 673 670
3 634 637 674
3 634 674 671
3 635 638 675
3 635 675 672
3 636 639 676
3 636 676 673
3 637 640 677
3 637 677 674
3 638 34 36
3 638 36 675
3 639 641 678
3 639 678 676
3 640 642 679
3 640 679 677
3 641 643 646
3 641 646 678
3 642 644 648
3 642 648 679
3 679 648 680
3 679 680 681
3 646 645 682
3 646 682 683
3 648 647 684
3 648 684 680
3 37 649 685
3 37 685 38
3 645 650 686
3 645 686 682
3 647 651 687
3 647 687 684
3 649 652 688
3 649 688 685
3 650 653 689
3 650 689 686
3 652 654 690
3 652 690 688
3 653 655 691
3 653 691 689
3 654 656 692
3 654 692 690
3 655 657 693
3 655 693 691
3 659 658 694
3 659 694 695
3 656 660 696
3 656 696 692
3 657 661 697
3 657 697 693
3 660 662 698
3 660 698 696
3 661 663 699
3 661 699 697
3 662 664 700
3 662 700 698
3 663 665 701
3 663 701 699
3 667 666 702
3 667 702 703
3 664 668 704
3 664 704 700
3 665 669 705
3 665 705 701
3 666 670 706
3 666 706 702
3 668 671 707
3 668 707 704
3 669 672 708
3 669 708 705
3 670 673 709
3 670 709 706
3 671 674 710
3 671 710 707
3 672 675 711
3 672 711 708
3 673 676 712
3 673 712 709
3 674 677 713
3 674 713 710
3 675 36 39
3 675 39 711
3 676 678 714
3 676 714 712
3 677 679 681
3 677 681 713
3 678 646 683
3 678 683 714
3 714 683 715
3 714 715 716
3 681 680 717
3 681 717 718
3 683 682 719
3 683 719 715
3 680 684 720
3 680 720 717
3 38 685 721
3 38 721 40
3 682 686 722
3 682 722 719
3 684 687 723
3 684 723 720
3 685 688 724
3 685 724 721
3 686 689 725
3 686 725 722
3 688 690 726
3 688 726 724
3 689 691 727
3 689 727 725
3 690 692 728
3 690 728 726
3 691 693 729
3 691 729 727
3 695 694 730
3 695 730 731
3 692 696 732
3 692 732 728
3 693 697 733
3 693 733 729
3 696 698 734
3 696 734 732
3 697 699 735
3 697 735 733
3 698 700 736
3 698 736 734
3 699 701 737
3 699 737 735
3 703 702 738
3 703 738 739
3 700 704 740
3 700 740 736
3 701 705 741
3 701 741 737
3 702 706 742
3 702 742 738
3 704 707 743
3 704 743 740
3 705 708 744
3 705 744 741
3 706 709 745
3 706 745 742
3 707 710 746
3 707 746 743
3 708 711 747
3 708 747 744
3 709 712 748
3 709 748 745
3 710 713 749
3 710 749 746
3 711 39 41
3 711 41 747
3 712 714 716
3 712 716 748
3 713 681 718
3 713 718 749
3 749 718 750
3 749 750 751
3 716 715 752
3 716 752 753
3 718 717 754
3 718 754 750
3 715 719 755
3 715 755 752
3 717 720 756
3 717 756 754
3 40 721 757
3 40 757 43
3 719 722 758
3 719 758 755
3 720 723 759
3 720 759 756
3 721 724 760
3 721 760 757
3 722 725 761
3 722 761 758
3 724 726 762
3 724 762 760
3 725 727 763
3 725 763 761
3 726 728 764
3 726 764 762
3 727 729 765
3 727 765 763
3 731 730 766
3 731 766 767
3 728 732 768
3 728 768 764
3 729 733 769
3 729 769 765
3 732 734 770
3 732 770 768
3 733 735 771
3 733 771 769
3 734 736 772
3 734 772 770
3 735 737 773
3 735 773 771
3 739 738 774
3 739 774 775
3 736 740 776
3 736 776 772
3 737 741 777
3 737 777 773
3 738 742 778
3 738 778 774
3 740 743 779
3 740 779 776
3 741 744 780
3 741 780 777
3 742 745 781
3 742 781 778
3 743 746 782
3 743 782 779
3 744 747 783
3 744 783 780
3 745 748 784
3 745 784 781
3 746 749 751
3 746 751 782
3 747 41 42
3 747 42 783
3 748 716 753
3 748 753 784
3 783 42 44
3 783 44 785
3 784 753 786
3 784 786 787
3 751 750 788
3 751 788 789
3 753 752 790
3 753 790 786
3 750 754 791
3 750 791 788
3 752 755 792
3 752 792 790
3 754 756 793
3 754 793 791
3 43 757 794
3 43 794 45
3 755 758 795
3 755 795 792
3 756 759 796
3 756 796 793
3 757 760 797
3 757 797 794
3 758 761 798
3 758 798 795
3 760 762 799
3 760 799 797
3 761 763 800
3 761 800 798
3 762 764 801
3 762 801 799
3 763 765 802
3 763 802 800
3 767 766 803
3 767 803 804
3 764 768 805
3 764 805 801
3 765 769 806
3 765 806 802
3 768 770 807
3 768 807 805
3 769 771 808
3 769 808 806
3 770 772 809
3 770 809 807
3 771 773 810
3 771 810 808
3 775 774 811
3 775 811 812
3 772 776 813
3 772 813 809
3 773 777 814
3 773 814 810
3 774 778 815
3 774 815 811
3 776 779 816
3 776 816 813
3 777 780 817
3 777 817 814
3 778 781 818
3 778 818 815
3 779 782 819
3 779 819 816
3 780 783 785
3 780 785 817
3 781 784 787
3 781 787 818
3 782 751 789
3 782 789 819
3 805 807 820
3 805 820 821
3 806 808 822
3 806 822 823
3 807 809 824
3 807 824 820
3 808 810 825
3 808 825 822
3 812 811 826
3 812 826 827
3 809 813 828
3 809 828 824
3 810 814 829
3 810 829 825
3 811 815 830
3 811 830 826
3 813 816 831
3 813 831 828
3 814 817 832
3 814 832 829
3 815 818 833
3 815 833 830
3 816 819 834
3 816 834 831
3 817 785 835
3 817 835 832
3 818 787 836
3 818 836 833
3 819 789 837
3 819 837 834
3 785 44 46
3 785 46 835
3 787 786 838
3 787 838 836
3 789 788 839
3 789 839 837
3 786 790 840
3 786 840 838
3 788 791 841
3 788 841 839
3 790 792 842
3 790 842 840
3 791 793 843
3 791 843 841
3 45 794 844
3 45 844 47
3 792 795 845
3 792 845 842
3 793 796 846
3 793 846 843
3 794 797 847
3 794 847 844
3 795 798 848
3 795 848 845
3 797 799 849
3 797 849 847
3 798 800 850
3 798 850 848
3 799 801 851
3 799 851 849
3 800 802 852
3 800 852 850
3 804 803 853
3 804 853 854
3 801 805 821
3 801 821 851
3 802 806 823
3 802 823 852
3 851 821 855
3 851 855 856
3 852 823 857
3 852 857 858
3 821 820 859
3 821 859 855
3 823 822 860
3 823 860 857
3 820 824 861
3 820 861 859
3 822 825 862
3 822 862 860
3 827 826 863
3 827 863 864
3 824 828 865
3 824 865 861
3 825 829 866
3 825 866 862
3 826 830 867
3 826 867 863
3 828 831 868
3 828 868 865
3 829 832 869
3 829 869 866
3 830 833 870
3 830 870 867
3 831 834 871
3 831 871 868
3 832 835 872
3 832 872 869
3 833 836 873
3 833 873 870
3 834 837 874
3 834 874 871
3 835 46 48
3 835 48 872
3 836 838 875
3 836 875 873
3 837 839 876
3 837 876 874
3 838 840 877
3 838 877 875
3 839 841 878
3 839 878 876
3 840 842 879
3 840 879 877
3 841 843 880
3 841 880 878
3 47 844 881
3 47 881 49
3 842 845 882
3 842 882 879
3 843 846 883
3 843 883 880
3 844 847 884
3 844 884 881
3 845 848 885
3 845 885 882
3 847 849 886
3 847 886 884
3 848 850 887
3 848 887 885
3 849 851 856
3 849 856 886
3 850 852 858
3 850 858 887
3 854 853 888
3 854 888 889
3 889 888 101
3 889 101 100
3 856 855 104
3 856 104 96
3 858 857 106
3 858 106 98
3 855 859 108
3 855 108 104
3 857 860 110
3 857 110 106
3 859 861 112
3 859 112 108
3 860 862 114
3 860 114 110
3 864 863 117
3 864 117 116
3 861 865 50
3 861 50 112
3 862 866 54
3 862 54 114
3 863 867 58
3 863 58 117
3 865 868 51
3 865 51 50
3 866 869 55
3 866 55 54
3 867 870 59
3 867 59 58
3 868 871 62
3 868 62 51
3 869 872 64
3 869 64 55
3 870 873 66
3 870 66 59
3 871 874 68
3 871 68 62
3 872 48 0
3 872 0 64
3 873 875 70
3 873 70 66
3 874 876 72
3 874 72 68
3 875 877 74
3 875 74 70
3 876 878 76
3 876 76 72
3 877 879 78
3 877 78 74
3 878 880 80
3 878 80 76
3 49 881 82
3 49 82 4
3 879 882 84
3 879 84 78
3 880 883 86
3 880 86 80
3 881 884 88
3 881 88 82
3 882 885 90
3 882 90 84
3 884 886 92
3 884 92 88
3 885 887 94
3 885 94 90
3 886 856 96
3 886 96 92
3 887 858 98
3 887 98 94
3 101 890 891
3 101 891 218
3 104 108 222
3 104 222 220
3 106 110 223
3 106 223 221
3 890 116 224
3 890 224 891
3 108 112 191
3 108 191 222
3 110 114 193
3 110 193 223
3 116 117 195
3 116 195 224
3 112 50 190
3 112 190 191
3 114 54 192
3 114 192 193
3 117 58 194
3 117 194 195
3 50 51 196
3 50 196 190
3 54 55 197
3 54 197 192
3 58 59 198
3 58 198 194
3 51 62 199
3 51 199 196
3 55 64 200
3 55 200 197
3 59 66 201
3 59 201 198
3 62 68 202
3 62 202 199
3 64 0 10
3 64 10 200
3 66 70 203
3 66 203 201
3 68 72 204
3 68 204 202
3 70 74 205
3 70 205 203
3 72 76 206
3 72 206 204
3 74 78 207
3 74 207 205
3 76 80 208
3 76 208 206
3 4 82 209
3 4 209 11
3 78 84 210
3 78 210 207
3 80 86 211
3 80 211 208
3 82 88 212
3 82 212 209
3 84 90 213
3 84 213 210
3 86 892 893
3 86 893 211
3 88 92 214
3 88 214 212
3 90 94 215
3 90 215 213
3 892 100 219
3 892 219 893
3 92 96 216
3 92 216 214
3 94 98 217
3 94 217 215
3 100 101 218
3 100 218 219
3 96 104 220
3 96 220 216
3 98 106 221
3 98 221 217
3 212 214 359
3 212 359 357
3 213 215 360
3 213 360 358
3 893 219 364
3 893 364 894
3 214 216 361
3 214 361 359
3 215 217 362
3 215 362 360
3 219 218 363
3 219 363 364
3 216 220 331
3 216 331 361
3 217 221 333
3 217 333 362
3 218 891 895
3 218 895 363
3 220 222 330
3 220 330 331
3 221 223 332
3 221 332 333
3 891 224 337
3 891 337 895
3 222 191 334
3 222 334 330
3 223 193 335
3 223 335 332
3 224 195 336
3 224 336 337
3 191 190 338
3 191 338 334
3 193 192 339
3 193 339 335
3 195 194 340
3 195 340 336
3 190 196 341
3 190 341 338
3 192 197 342
3 192 342 339
3 194 198 343
3 194 343 340
3 196 199 344
3 196 344 341
3 197 200 345
3 197 345 342
3 198 201 346
3 198 346 343
3 199 202 347
3 199 347 344
3 200 10 18
3 200 18 345
3 201 203 348
3 201 348 346
3 202 204 349
3 202 349 347
3 203 205 350
3 203 350 348
3 204 206 351
3 204 351 349
3 205 207 352
3 205 352 350
3 206 208 353
3 206 353 351
3 11 209 354
3 11 354 19
3 207 210 355
3 207 355 352
3 208 211 356
3 208 356 353
3 209 212 357
3 209 357 354
3 210 213 358
3 210 358 355
3 211 893 894
3 211 894 356
3 356 894 896
3 356 896 503
3 357 359 473
3 357 473 504
3 358 360 470
3 358 470 471
3 894 364 476
3 894 476 896
3 359 361 472
3 359 472 473
3 360 362 474
3 360 474 470
3 364 363 475
3 364 475 476
3 361 331 477
3 361 477 472
3 362 333 478
3 362 478 474
3 363 895 897
3 363 897 475
3 331 330 479
3 331 479 477
3 333 332 480
3 333 480 478
3 895 337 484
3 895 484 897
3 330 334 481
3 330 481 479
3 332 335 482
3 332 482 480
3 337 336 483
3 337 483 484
3 334 338 485
3 334 485 481
3 335 339 486
3 335 486 482
3 336 340 487
3 336 487 483
3 338 341 488
3 338 488 485
3 339 342 489
3 339 489 486
3 340 343 490
3 340 490 487
3 341 344 491
3 341 491 488
3 342 345 492
3 342 492 489
3 343 346 493
3 343 493 490
3 344 347 494
3 344 494 491
3 345 18 26
3 345 26 492
3 346 348 495
3 346 495 493
3 347 349 496
3 347 496 494
3 348 350 497
3 348 497 495
3 349 351 498
3 349 498 496
3 350 352 499
3 350 499 497
3 351 353 500
3 351 500 498
3 19 354 501
3 19 501 27
3 352 355 502
3 352 502 499
3 353 356 503
3 353 503 500
3 354 357 504
3 354 504 501
3 355 358 471
3 355 471 502
3 501 504 615
3 501 615 610
3 502 471 616
3 502 616 611
3 503 896 898
3 503 898 613
3 504 473 617
3 504 617 615
3 471 470 618
3 471 618 616
3 896 476 622
3 896 622 898
3 473 472 619
3 473 619 617
3 470 474 620
3 470 620 618
3 476 475 621
3 476 621 622
3 472 477 623
3 472 623 619
3 474 478 624
3 474 624 620
3 475 897 899
3 475 899 621
3 477 479 625
3 477 625 623
3 478 480 626
3 478 626 624
3 897 484 630
3 897 630 899
3 479 481 627
3 479 627 625
3 480 482 628
3 480 628 626
3 484 483 629
3 484 629 630
3 481 485 631
3 481 631 627
3 482 486 632
3 482 632 628
3 483 487 633
3 483 633 629
3 485 488 634
3 485 634 631
3 486 489 635
3 486 635 632
3 487 490 636
3 487 636 633
3 488 491 637
3 488 637 634
3 489 492 638
3 489 638 635
3 490 493 639
3 490 639 636
3 491 494 640
3 491 640 637
3 492 26 34
3 492 34 638
3 493 495 641
3 493 641 639
3 494 496 642
3 494 642 640
3 495 497 643
3 495 643 641
3 496 498 644
3 496 644 642
3 497 499 612
3 497 612 643
3 498 500 614
3 498 614 644
3 27 501 610
3 27 610 35
3 499 502 611
3 499 611 612
3 500 503 613
3 500 613 614
3 612 611 758
3 612 758 755
3 614 613 759
3 614 759 756
3 610 615 760
3 610 760 757
3 611 616 761
3 611 761 758
3 613 898 900
3 613 900 759
3 615 617 762
3 615 762 760
3 616 618 763
3 616 763 761
3 898 622 767
3 898 767 900
3 617 619 764
3 617 764 762
3 618 620 765
3 618 765 763
3 622 621 766
3 622 766 767
3 619 623 768
3 619 768 764
3 620 624 769
3 620 769 765
3 621 899 901
3 621 901 766
3 623 625 770
3 623 770 768
3 624 626 771
3 624 771 769
3 899 630 775
3 899 775 901
3 625 627 772
3 625 772 770
3 626 628 773
3 626 773 771
3 630 629 774
3 630 774 775
3 627 631 776
3 627 776 772
3 628 632 777
3 628 777 773
3 629 633 778
3 629 778 774
3 631 634 779
3 631 779 776
3 632 635 780
3 632 780 777
3 633 636 781
3 633 781 778
3 634 637 782
3 634 782 779
3 635 638 783
3 635 783 780
3 636 639 784
3 636 784 781
3 637 640 751
3 637 751 782
3 638 34 42
3 638 42 783
3 639 641 753
3 639 753 784
3 640 642 750
3 640 750 751
3 641 643 752
3 641 752 753
3 642 644 754
3 642 754 750
3 643 612 755
3 643 755 752
3 644 614 756
3 644 756 754
3 35 610 757
3 35 757 43
3 754 756 80
3 754 80 76
3 43 757 82
3 43 82 4
3 755 758 84
3 755 84 78
3 756 759 86
3 756 86 80
3 757 760 88
3 757 88 82
3 758 761 90
3 758 90 84
3 759 900 892
3 759 892 86
3 760 762 92
3 760 92 88
3 761 763 94
3 761 94 90
3 900 767 100
3 900 100 892
3 762 764 96
3 762 96 92
3 763 765 98
3 763 98 94
3 767 766 101
3 767 101 100
3 764 768 104
3 764 104 96
3 765 769 106
3 765 106 98
3 766 901 890
3 766 890 101
3 768 770 108
3 768 108 104
3 769 771 110
3 769 110 106
3 901 775 116
3 901 116 890
3 770 772 112
3 770 112 108
3 771 773 114
3 771 114 110
3 775 774 117
3 775 117 116
3 772 776 50
3 772 50 112
3 773 777 54
3 773 54 114
3 774 778 58
3 774 58 117
3 776 779 51
3 776 51 50
3 777 780 55
3 777 55 54
3 778 781 59
3 778 59 58
3 779 782 62
3 779 62 51
3 780 783 64
3 780 64 55
3 781 784 66
3 781 66 59
3 782 751 68
3 782 68 62
3 783 42 0
3 783 0 64
3 784 753 70
3 784 70 66
3 751 750 72
3 751 72 68
3 753 752 74
3 753 74 70
3 750 754 76
3 750 76 72
3 752 755 78
3 752 78 74
3 902 903 904
3 902 904 905
3 903 906 907
3 903 907 904
3 908 909 910
3 908 910 911
3 909 912 913
3 909 913 910
3 905 904 914
3 905 914 915
3 904 907 916
3 904 916 914
3 911 910 917
3 911 917 918
3 910 913 919
3 910 919 917
3 915 914 920
3 915 920 921
3 914 916 922
3 914 922 920
3 918 917 923
3 918 923 924
3 917 919 925
3 917 925 923
3 921 920 926
3 921 926 927
3 920 922 928
3 920 928 926
3 924 923 929
3 924 929 930
3 923 925 931
3 923 931 929
3 927 926 932
3 927 932 933
3 926 928 934
3 926 934 932
3 930 929 935
3 930 935 936
3 929 931 937
3 929 937 935
3 933 932 938
3 933 938 939
3 932 934 940
3 932 940 938
3 936 935 941
3 936 941 942
3 935 937 943
3 935 943 941
3 941 943 944
3 941 944 945
3 939 938 946
3 939 946 947
3 938 940 948
3 938 948 946
3 942 941 945
3 942 945 949
3 949 945 950
3 949 950 951
3 945 944 952
3 945 952 950
3 947 946 953
3 947 953 954
3 946 948 955
3 946 955 953
3 951 950 956
3 951 956 957
3 950 952 958
3 950 958 956
3 954 953 959
3 954 959 960
3 953 955 961
3 953 961 959
3 957 956 962
3 957 962 963
3 956 958 964
3 956 964 962
3 960 959 965
3 960 965 966
3 959 961 967
3 959 967 965
3 963 962 968
3 963 968 969
3 962 964 970
3 962 970 968
3 966 965 971
3 966 971 972
3 965 967 973
3 965 973 971
3 971 973 974
3 971 974 975
3 969 968 976
3 969 976 977
3 968 970 978
3 968 978 976
3 972 971 975
3 972 975 979
3 979 975 980
3 979 980 981
3 975 974 982
3 975 982 980
3 977 976 983
3 977 983 984
3 976 978 985
3 976 985 983
3 981 980 986
3 981 986 987
3 980 982 988
3 980 988 986
3 984 983 989
3 984 989 990
3 983 985 991
3 983 991 989
3 987 986 992
3 987 992 993
3 986 988 994
3 986 994 992
3 990 989 995
3 990 995 996
3 989 991 997
3 989 997 995
3 993 992 998
3 993 998 999
3 992 994 1000
3 992 1000 998
3 996 995 1001
3 996 1001 1002
3 995 997 1003
3 995 1003 1001
3 999 998 1004
3 999 1004 1005
3 998 1000 1006
3 998 1006 1004
3 1002 1001 1007
3 1002 1007 1008
3 1001 1003 1009
3 1001 1009 1007
3 1005 1004 1010
3 1005 1010 1011
3 1004 1006 1012
3 1004 1012 1010
3 1008 1007 1013
3 1008 1013 1014
3 1007 1009 1015
3 1007 1015 1013
3 1011 1010 1016
3 1011 1016 1017
3 1010 1012 1018
3 1010 1018 1016
3 1014 1013 1019
3 1014 1019 1020
3 1013 1015 1021
3 1013 1021 1019
3 1017 1016 1022
3 1017 1022 1023
3 1016 1018 1024
3 1016 1024 1022
3 1020 1019 1025
3 1020 1025 1026
3 1019 1021 1027
3 1019 1027 1025
3 1023 1022 1028
3 1023 1028 1029
3 1022 1024 1030
3 1022 1030 1028
3 1026 1025 1031
3 1026 1031 1032
3 1025 1027 1033
3 1025 1033 1031
3 1032 1031 1034
3 1032 1034 1035
3 1031 1033 1036
3 1031 1036 1034
3 1029 1028 1037
3 1029 1037 1038
3 1028 1030 1039
3 1028 1039 1037
3 1035 1034 1040
3 1035 1040 1041
3 1034 1036 1042
3 1034 1042 1040
3 1038 1037 1043
3 1038 1043 1044
3 1037 1039 1045
3 1037 1045 1043
3 1041 1040 909
3 1041 909 908
3 1040 1042 912
3 1040 912 909
3 1044 1043 903
3 1044 903 902
3 1043 1045 906
3 1043 906 903