0.000000 -5.420579 39.190041 -0.307384 -0.946029 0.102683
0.000000 -4.971490 43.327557 -0.307384 -0.946029 0.102683
-2.922169 -4.022019 43.327557 -0.307384 -0.946029 0.102683
-3.186137 -4.385340 39.190041 -0.307384 -0.946029 0.102683
-3.186137 -4.385340 39.190041 -0.804741 -0.584678 0.102683
-2.922169 -4.022019 43.327557 -0.804741 -0.584678 0.102683
-4.728168 -1.536275 43.327557 -0.804741 -0.584678 0.102683
-5.155276 -1.675052 39.190041 -0.804741 -0.584678 0.102683
-5.155276 -1.675052 39.190041 -0.994714 0.000000 0.102683
-4.728168 -1.536275 43.327557 -0.994714 0.000000 0.102683
-4.728168 1.536276 43.327557 -0.994714 0.000000 0.102683
-5.155276 1.675052 39.190041 -0.994714 0.000000 0.102683
-5.155276 1.675052 39.190041 -0.804741 0.584678 0.102683
-4.728168 1.536276 43.327557 -0.804741 0.584678 0.102683
-2.922168 4.022019 43.327557 -0.804741 0.584678 0.102683
-3.186137 4.385340 39.190041 -0.804741 0.584678 0.102683
-3.186137 4.385340 39.190041 -0.307384 0.946029 0.102683
-2.922168 4.022019 43.327557 -0.307384 0.946029 0.102683
0.000000 4.971490 43.327557 -0.307384 0.946029 0.102683
0.000000 5.420579 39.190041 -0.307384 0.946029 0.102683
0.000000 2.557294 50.464661 -0.249271 0.767176 0.591020
-1.503140 2.068894 50.464661 -0.249271 0.767176 0.591020
-0.401785 0.553010 52.896873 -0.249271 0.767176 0.591020
0.000000 0.683558 52.896873 -0.249271 0.767176 0.591020
-1.503140 2.068894 50.464661 -0.652599 0.474141 0.591020
-2.432131 0.790247 50.464661 -0.652599 0.474141 0.591020
-0.650102 0.211231 52.896873 -0.652599 0.474141 0.591020
-0.401785 0.553010 52.896873 -0.652599 0.474141 0.591020
-2.432131 0.790247 50.464661 -0.806657 0.000000 0.591020
-2.432131 -0.790247 50.464661 -0.806657 0.000000 0.591020
-0.650102 -0.211231 52.896873 -0.806657 0.000000 0.591020
-0.650102 0.211231 52.896873 -0.806657 0.000000 0.591020
-2.432131 -0.790247 50.464661 -0.652599 -0.474141 0.591020
-1.503140 -2.068894 50.464661 -0.652599 -0.474141 0.591020
-0.401785 -0.553010 52.896873 -0.652599 -0.474141 0.591020
-0.650102 -0.211231 52.896873 -0.652599 -0.474141 0.591020
-1.503140 -2.068894 50.464661 -0.249270 -0.767177 0.591020
0.000000 -2.557295 50.464657 -0.249270 -0.767177 0.591019
0.000000 -0.683558 52.896873 -0.249270 -0.767177 0.591020
-0.401785 -0.553010 52.896873 -0.249271 -0.767176 0.591020
-2.922169 -4.022019 43.327557 -0.301099 -0.926687 0.224922
0.000000 -4.971490 43.327557 -0.301099 -0.926687 0.224923
0.000000 -4.010313 47.287632 -0.301099 -0.926687 0.224922
-2.357203 -3.244411 47.287636 -0.301099 -0.926687 0.224922
-2.357203 -3.244411 47.287636 -0.283370 -0.872127 0.398869
0.000000 -4.010313 47.287632 -0.283370 -0.872127 0.398869
0.000000 -2.557295 50.464657 -0.283370 -0.872127 0.398869
-1.503140 -2.068894 50.464661 -0.283370 -0.872127 0.398869
-4.728168 -1.536275 43.327557 -0.788287 -0.572724 0.224922
-2.922169 -4.022019 43.327557 -0.788287 -0.572724 0.224922
-2.357203 -3.244411 47.287636 -0.788287 -0.572724 0.224922
-3.814034 -1.239255 47.287636 -0.788287 -0.572724 0.224922
-3.814034 -1.239255 47.287636 -0.741875 -0.539004 0.398869
-2.357203 -3.244411 47.287636 -0.741875 -0.539004 0.398869
-1.503140 -2.068894 50.464661 -0.741875 -0.539004 0.398869
-2.432131 -0.790247 50.464661 -0.741875 -0.539004 0.398869
-4.728168 1.536276 43.327557 -0.974377 0.000000 0.224922
-4.728168 -1.536275 43.327557 -0.974377 0.000000 0.224922
-3.814034 -1.239255 47.287636 -0.974377 0.000000 0.224922
-3.814034 1.239255 47.287636 -0.974377 0.000000 0.224922
-3.814034 1.239255 47.287636 -0.917008 0.000000 0.398869
-3.814034 -1.239255 47.287636 -0.917008 0.000000 0.398869
-2.432131 -0.790247 50.464661 -0.917008 0.000000 0.398869
-2.432131 0.790247 50.464661 -0.917008 0.000000 0.398869
-2.922168 4.022019 43.327557 -0.788287 0.572724 0.224922
-4.728168 1.536276 43.327557 -0.788287 0.572724 0.224922
-3.814034 1.239255 47.287636 -0.788287 0.572724 0.224922
-2.357203 3.244411 47.287636 -0.788287 0.572724 0.224922
-2.357203 3.244411 47.287636 -0.741875 0.539004 0.398869
-3.814034 1.239255 47.287636 -0.741875 0.539004 0.398869
-2.432131 0.790247 50.464661 -0.741875 0.539004 0.398869
-1.503140 2.068894 50.464661 -0.741875 0.539004 0.398869
0.000000 4.971490 43.327557 -0.301099 0.926687 0.224922
-2.922168 4.022019 43.327557 -0.301099 0.926687 0.224922
-2.357203 3.244411 47.287636 -0.301099 0.926687 0.224922
0.000000 4.010313 47.287636 -0.301099 0.926687 0.224922
0.000000 4.010313 47.287636 -0.283371 0.872126 0.398869
-2.357203 3.244411 47.287636 -0.283371 0.872126 0.398869
-1.503140 2.068894 50.464661 -0.283371 0.872126 0.398869
0.000000 2.557294 50.464661 -0.283371 0.872126 0.398869
-2.982984 4.105722 28.430899 -0.307787 0.947271 -0.089129
0.000000 5.074952 28.430899 -0.307787 0.947271 -0.089129
0.000000 3.953898 16.516209 -0.307787 0.947271 -0.089129
-2.324046 3.198770 16.516209 -0.307787 0.947271 -0.089129
-4.826567 1.568247 28.430899 -0.806562 0.584344 -0.089440
-2.982984 4.105722 28.430899 -0.805797 0.585446 -0.089129
-2.324046 3.198770 16.516209 -0.810654 0.578393 -0.091114
-3.758688 1.181246 16.517889 -0.811581 0.577031 -0.091495
-4.826567 -1.568247 28.430899 -0.996006 0.000000 -0.089282
-4.826567 1.568247 28.430899 -0.996006 0.000000 -0.089282
-3.758688 1.181246 16.517889 -0.996006 0.000000 -0.089282
-3.758688 -1.181246 16.517889 -0.996006 0.000000 -0.089282
-2.982984 -4.105722 28.430899 -0.806455 -0.584265 -0.090917
-4.826567 -1.568247 28.430899 -0.805643 -0.585334 -0.091233
-3.758688 -1.181246 16.517889 -0.810792 -0.578495 -0.089219
-2.324046 -3.198770 16.516209 -0.811777 -0.577173 -0.088830
0.000000 -5.074952 28.430899 -0.307787 -0.947271 -0.089129
-2.982984 -4.105722 28.430899 -0.307787 -0.947271 -0.089129
-2.324046 -3.198770 16.516209 -0.307787 -0.947271 -0.089129
0.000000 -3.953898 16.516209 -0.307787 -0.947271 -0.089129
0.000000 -5.420579 39.190041 -0.308873 -0.950613 -0.030537
-3.186137 -4.385340 39.190041 -0.308873 -0.950613 -0.030537
-2.982984 -4.105722 28.430899 -0.308873 -0.950613 -0.030538
0.000000 -5.074952 28.430899 -0.308873 -0.950613 -0.030538
-3.186137 -4.385340 39.190041 -0.808640 -0.587511 -0.030537
-5.155276 -1.675052 39.190041 -0.808640 -0.587511 -0.030537
-4.826567 -1.568247 28.430899 -0.808640 -0.587511 -0.030537
-2.982984 -4.105722 28.430899 -0.808640 -0.587511 -0.030537
-5.155276 -1.675052 39.190041 -0.999534 0.000000 -0.030537
-5.155276 1.675052 39.190041 -0.999534 0.000000 -0.030537
-4.826567 1.568247 28.430899 -0.999534 0.000000 -0.030537
-4.826567 -1.568247 28.430899 -0.999534 0.000000 -0.030537
-5.155276 1.675052 39.190041 -0.808640 0.587511 -0.030537
-3.186137 4.385340 39.190041 -0.808640 0.587511 -0.030537
-2.982984 4.105722 28.430899 -0.808640 0.587511 -0.030537
-4.826567 1.568247 28.430899 -0.808640 0.587511 -0.030537
-3.186137 4.385340 39.190041 -0.308873 0.950613 -0.030538
0.000000 5.420579 39.190041 -0.308873 0.950613 -0.030538
0.000000 5.074952 28.430899 -0.308873 0.950613 -0.030537
-2.982984 4.105722 28.430899 -0.308873 0.950613 -0.030537
-3.758688 1.181246 16.517889 -0.807897 0.576045 -0.124397
-2.324046 3.198770 16.516209 -0.808666 0.574931 -0.124554
-1.117275 1.537791 1.014266 -0.793911 0.595759 -0.121561
-1.809183 0.620818 1.012882 -0.792275 0.597999 -0.121231
0.000000 -3.953898 16.516209 -0.306594 -0.943601 -0.124971
-2.324046 -3.198770 16.516209 -0.306594 -0.943601 -0.124971
-1.117275 -1.537791 1.014266 -0.306594 -0.943601 -0.124971
0.000000 -1.900815 1.014266 -0.306594 -0.943601 -0.124971
-2.324046 3.198770 16.516209 -0.306594 0.943601 -0.124971
0.000000 3.953898 16.516209 -0.306594 0.943601 -0.124971
0.000000 1.900815 1.014266 -0.306594 0.943601 -0.124971
-1.117275 1.537791 1.014266 -0.306594 0.943601 -0.124971
-2.324046 -3.198770 16.516209 -0.808075 -0.576171 -0.122644
-3.758688 -1.181246 16.517889 -0.808875 -0.575081 -0.122489
-1.809183 -0.620818 1.012882 -0.793524 -0.595484 -0.125372
-1.117275 -1.537791 1.014266 -0.791830 -0.597670 -0.125679
-3.758688 1.181246 16.517889 -0.042481 0.998162 -0.043214
-1.809183 0.620818 1.012882 -0.045183 0.998106 -0.041758
-4.117448 0.524435 1.206724 -0.045183 0.998106 -0.041758
-5.386491 0.923407 12.116254 -0.043688 0.998149 -0.042313
-10.908871 0.240854 1.777046 -0.042986 0.997960 -0.047202
-12.779829 0.162731 1.934165 -0.045702 0.997797 -0.048085
-12.787613 0.431646 7.521755 -0.035700 0.998272 -0.046679
-10.908870 0.452740 6.593874 -0.034194 0.998369 -0.045723
-0.876869 -1.206902 1.014266 0.000000 0.000000 -1.000000
0.000000 -1.491813 1.014266 0.000000 0.000000 -1.000000
0.000000 -1.900815 1.014266 0.000000 0.000000 -1.000000
-1.117275 -1.537791 1.014266 0.000000 0.000000 -1.000000
-1.418802 -0.460996 1.014266 0.002556 0.000716 -0.999997
-0.876869 -1.206902 1.014266 0.000000 0.000000 -1.000000
-1.117275 -1.537791 1.014266 0.000932 0.000261 -1.000000
-1.809183 -0.620818 1.012882 0.003180 0.000891 -0.999995
-1.418802 0.460996 1.014266 0.003545 0.000000 -0.999994
-1.418802 -0.460996 1.014266 0.003545 0.000000 -0.999994
-1.809183 -0.620818 1.012882 0.003545 0.000000 -0.999994
-1.809183 0.620818 1.012882 0.003545 0.000000 -0.999994
-0.876869 1.206902 1.014266 0.001366 0.000189 -0.999999
-1.418802 0.460996 1.014266 0.002732 -0.001985 -0.999994
-1.809183 0.620818 1.012882 0.002258 -0.001231 -0.999997
-1.117275 1.537791 1.014266 0.001019 0.000740 -0.999999
0.000000 1.491813 1.014266 0.000000 0.000000 -1.000000
-0.876869 1.206902 1.014266 0.000000 0.000000 -1.000000
-1.117275 1.537791 1.014266 0.000000 0.000000 -1.000000
0.000000 1.900815 1.014266 0.000000 0.000000 -1.000000
-0.876869 1.206902 1.014266 -0.265467 0.817025 0.511857
0.000000 1.491813 1.014266 -0.265467 0.817025 0.511857
0.000000 2.094514 0.052235 -0.265467 0.817025 0.511856
-1.231128 1.694497 0.052235 -0.265467 0.817025 0.511856
-0.876869 -1.206902 1.014266 -0.695003 -0.504949 0.511856
-1.418802 -0.460996 1.014266 -0.695003 -0.504949 0.511856
-1.992005 -0.647241 0.052235 -0.695003 -0.504949 0.511856
-1.231128 -1.694497 0.052235 -0.695003 -0.504949 0.511856
-1.418802 -0.460996 1.014266 -0.859071 0.000000 0.511856
-1.418802 0.460996 1.014266 -0.859071 0.000000 0.511856
-1.992005 0.647241 0.052235 -0.859071 0.000000 0.511856
-1.992005 -0.647241 0.052235 -0.859071 0.000000 0.511856
-1.418802 0.460996 1.014266 -0.695003 0.504949 0.511856
-0.876869 1.206902 1.014266 -0.695003 0.504949 0.511856
-1.231128 1.694497 0.052235 -0.695003 0.504949 0.511856
-1.992005 0.647241 0.052235 -0.695003 0.504949 0.511856
0.000000 -1.491813 1.014266 -0.265467 -0.817025 0.511856
-0.876869 -1.206902 1.014266 -0.265467 -0.817025 0.511856
-1.231128 -1.694497 0.052235 -0.265467 -0.817025 0.511857
0.000000 -2.094514 0.052235 -0.265467 -0.817025 0.511857
-0.920578 -1.267061 0.052235 0.000000 0.000000 -1.000000
0.000000 -1.566174 0.052235 0.000000 0.000000 -1.000000
0.000000 -2.094514 0.052235 0.000000 0.000000 -1.000000
-1.231128 -1.694497 0.052235 0.000000 0.000000 -1.000000
-1.489524 -0.483975 0.052235 0.000000 0.000000 -1.000000
-1.992005 -0.647241 0.052235 0.000000 0.000000 -1.000000
-1.489524 0.483975 0.052235 0.000000 0.000000 -1.000000
-1.489524 -0.483975 0.052235 0.000000 0.000000 -1.000000
-1.992005 -0.647241 0.052235 0.000000 0.000000 -1.000000
-1.992005 0.647241 0.052235 0.000000 0.000000 -1.000000
-0.920578 1.267061 0.052235 0.000000 0.000000 -1.000000
-1.489524 0.483975 0.052235 0.000000 0.000000 -1.000000
-1.992005 0.647241 0.052235 0.000000 0.000000 -1.000000
-1.231128 1.694497 0.052235 0.000000 0.000000 -1.000000
0.000000 1.566174 0.052235 0.000000 0.000000 -1.000000
-0.920578 1.267061 0.052235 0.000000 0.000000 -1.000000
-1.231128 1.694497 0.052235 0.000000 0.000000 -1.000000
0.000000 2.094514 0.052235 0.000000 0.000000 -1.000000
-1.489524 -0.483975 0.052235 0.695443 0.000000 -0.718581
-1.489524 0.483975 0.052235 0.695443 0.000000 -0.718581
0.000000 0.000000 1.493797 0.695443 0.000000 -0.718581
-1.489524 0.483975 0.052235 0.562626 -0.408771 -0.718581
-0.920578 1.267061 0.052235 0.562626 -0.408771 -0.718581
0.000000 0.000000 1.493797 0.562626 -0.408771 -0.718581
0.000000 -1.566174 0.052235 0.214903 0.661407 -0.718580
-0.920578 -1.267061 0.052235 0.214903 0.661407 -0.718580
0.000000 0.000000 1.493797 0.214903 0.661407 -0.718580
-0.920578 1.267061 0.052235 0.214903 -0.661407 -0.718580
0.000000 1.566174 0.052235 0.214903 -0.661407 -0.718580
0.000000 0.000000 1.493797 0.214903 -0.661407 -0.718580
-0.920578 -1.267061 0.052235 0.562626 0.408771 -0.718581
-1.489524 -0.483975 0.052235 0.562626 0.408771 -0.718581
0.000000 0.000000 1.493797 0.562626 0.408771 -0.718581
-12.787613 -0.431647 7.521755 -0.999999 0.000000 -0.001393
-12.787613 0.431646 7.521755 -0.999999 0.000000 -0.001393
-12.779829 0.162731 1.934165 -0.999999 0.000000 -0.001393
-12.779829 -0.162732 1.934165 -0.999999 0.000000 -0.001393
-3.758688 -1.181246 16.517889 -0.705819 0.000000 0.708392
-3.758688 1.181246 16.517889 -0.705819 0.000000 0.708392
-12.787613 0.431646 7.521755 -0.705819 0.000000 0.708392
-12.787613 -0.431647 7.521755 -0.705819 0.000000 0.708392
-1.809183 0.620818 1.012882 -0.083683 0.000000 -0.996493
-1.809183 -0.620818 1.012882 -0.083683 0.000000 -0.996492
-4.117448 -0.524435 1.206724 -0.083683 0.000000 -0.996492
-4.117448 0.524435 1.206724 -0.083683 0.000000 -0.996492
-4.117448 -0.524435 1.206724 -0.044791 -0.998123 -0.041767
-1.809183 -0.620818 1.012882 -0.045183 -0.998106 -0.041758
-3.758688 -1.181246 16.517889 -0.041726 -0.998263 -0.041598
-12.787613 -0.431647 7.521755 -0.043322 -0.998073 -0.044432
-12.779829 -0.162732 1.934165 -0.045702 -0.997797 -0.048085
-10.908871 -0.240855 1.777046 -0.045532 -0.997808 -0.048030
-10.908868 -0.471719 6.593878 -0.043356 -0.998060 -0.044684
-5.386491 -0.931028 12.116254 -0.040958 -0.998294 -0.041603
-4.117448 -0.524435 1.206724 -0.962675 0.248778 -0.106611
-5.386491 -0.931028 12.116254 -0.992390 0.047321 -0.113675
-5.377553 -0.721461 12.125469 -0.992309 0.049087 -0.113634
-4.098836 -0.387603 1.364880 -0.961410 0.253721 -0.106376
-10.908871 0.240854 1.777046 -0.083683 0.000000 -0.996492
-10.908871 -0.240855 1.777046 -0.083683 0.000000 -0.996492
-12.779829 -0.162732 1.934165 -0.083683 0.000000 -0.996492
-12.779829 0.162731 1.934165 -0.083683 0.000000 -0.996492
-10.908871 -0.240855 1.777046 0.992578 -0.000638 -0.121605
-10.908871 0.240854 1.777046 0.992405 0.000000 -0.123017
-10.890389 0.094180 1.926139 0.992471 -0.000243 -0.122478
-10.890630 -0.094288 1.926274 0.992770 -0.001352 -0.120024
-10.908871 0.240854 1.777046 0.992904 0.118899 -0.001963
-10.908870 0.452740 6.593874 0.999026 0.044075 -0.001939
-10.899607 0.243173 6.602761 0.998954 0.045678 -0.001940
-10.890389 0.094180 1.926139 0.992399 0.123047 -0.001964
-4.098611 0.387511 1.364775 -0.082381 -0.000121 -0.996601
-4.098836 -0.387603 1.364880 -0.082381 -0.000112 -0.996601
-10.890630 -0.094288 1.926274 -0.082349 -0.000574 -0.996603
-10.890389 0.094180 1.926139 -0.082346 -0.000609 -0.996604
-10.890389 0.094180 1.926139 -0.048204 0.998238 -0.034592
-10.899607 0.243173 6.602761 -0.053162 0.998076 -0.031903
-5.377229 0.713839 12.125142 -0.048344 0.998234 -0.034517
-4.098611 0.387511 1.364775 -0.046071 0.998298 -0.035750
-4.098836 -0.387603 1.364880 -0.046340 -0.998267 -0.036259
-5.377553 -0.721461 12.125469 -0.046526 -0.998250 -0.036501
-10.899931 -0.262152 6.603094 -0.046354 -0.998266 -0.036276
-10.890630 -0.094288 1.926274 -0.046082 -0.998291 -0.035923
-10.908868 -0.471719 6.593878 0.999022 -0.044214 0.000328
-10.908871 -0.240855 1.777046 0.993017 -0.117835 -0.005648
-10.890630 -0.094288 1.926274 0.993188 -0.116391 -0.005531
-10.899931 -0.262152 6.603094 0.999091 -0.042626 0.000457
-10.908870 0.452740 6.593874 0.707053 0.001263 -0.707160
-5.386491 0.923407 12.116254 0.707053 0.001257 -0.707160
-5.377229 0.713839 12.125142 0.707053 0.001257 -0.707160
-10.899607 0.243173 6.602761 0.707053 0.001263 -0.707160
-4.117448 0.524435 1.206724 -0.992983 0.000244 0.118257
-4.117448 -0.524435 1.206724 -0.993147 0.000000 0.116871
-4.098836 -0.387603 1.364880 -0.993132 0.000023 0.117002
-4.098611 0.387511 1.364775 -0.992941 0.000305 0.118606
-5.386491 -0.931028 12.116254 0.707145 0.000935 -0.707068
-10.908868 -0.471719 6.593878 0.707146 0.000939 -0.707067
-10.899931 -0.262152 6.603094 0.707146 0.000939 -0.707067
-5.377553 -0.721461 12.125469 0.707145 0.000935 -0.707068
-5.386491 0.923407 12.116254 -0.991928 -0.050536 -0.116300
-4.117448 0.524435 1.206724 -0.962501 -0.251054 -0.102781
-4.098611 0.387511 1.364775 -0.962906 -0.249444 -0.102910
-5.377229 0.713839 12.125142 -0.992004 -0.048780 -0.116397
0.000000 -5.420579 39.190041 0.307384 -0.946029 0.102683
3.186137 -4.385340 39.190041 0.307384 -0.946029 0.102683
2.922169 -4.022019 43.327557 0.307384 -0.946029 0.102683
0.000000 -4.971490 43.327557 0.307384 -0.946029 0.102683
3.186137 -4.385340 39.190041 0.804741 -0.584678 0.102683
5.155276 -1.675052 39.190041 0.804741 -0.584678 0.102683
4.728168 -1.536275 43.327557 0.804741 -0.584678 0.102683
2.922169 -4.022019 43.327557 0.804741 -0.584678 0.102683
5.155276 -1.675052 39.190041 0.994714 0.000000 0.102683
5.155276 1.675052 39.190041 0.994714 0.000000 0.102683
4.728168 1.536276 43.327557 0.994714 0.000000 0.102683
4.728168 -1.536275 43.327557 0.994714 0.000000 0.102683
5.155276 1.675052 39.190041 0.804741 0.584678 0.102683
3.186137 4.385340 39.190041 0.804741 0.584678 0.102683
2.922168 4.022019 43.327557 0.804741 0.584678 0.102683
4.728168 1.536276 43.327557 0.804741 0.584678 0.102683
3.186137 4.385340 39.190041 0.307384 0.946029 0.102683
0.000000 5.420579 39.190041 0.307384 0.946029 0.102683
0.000000 4.971490 43.327557 0.307384 0.946029 0.102683
2.922168 4.022019 43.327557 0.307384 0.946029 0.102683
0.000000 2.557294 50.464661 0.249271 0.767176 0.591020
0.000000 0.683558 52.896873 0.249271 0.767176 0.591020
0.401785 0.553010 52.896873 0.249271 0.767176 0.591020
1.503140 2.068894 50.464661 0.249271 0.767176 0.591020
1.503140 2.068894 50.464661 0.652599 0.474141 0.591020
0.401785 0.553010 52.896873 0.652599 0.474141 0.591020
0.650102 0.211231 52.896873 0.652599 0.474141 0.591020
2.432131 0.790247 50.464661 0.652599 0.474141 0.591020
2.432131 0.790247 50.464661 0.806657 0.000000 0.591020
0.650102 0.211231 52.896873 0.806657 0.000000 0.591020
0.650102 -0.211231 52.896873 0.806657 0.000000 0.591020
2.432131 -0.790247 50.464661 0.806657 0.000000 0.591020
2.432131 -0.790247 50.464661 0.652599 -0.474141 0.591020
0.650102 -0.211231 52.896873 0.652599 -0.474141 0.591020
0.401785 -0.553010 52.896873 0.652599 -0.474141 0.591020
1.503140 -2.068894 50.464661 0.652599 -0.474141 0.591020
1.503140 -2.068894 50.464661 0.249270 -0.767177 0.591020
0.401785 -0.553010 52.896873 0.249271 -0.767176 0.591020
0.000000 -0.683558 52.896873 0.249270 -0.767177 0.591020
0.000000 -2.557295 50.464657 0.249270 -0.767177 0.591019
2.922169 -4.022019 43.327557 0.301099 -0.926687 0.224922
2.357203 -3.244411 47.287636 0.301099 -0.926687 0.224922
0.000000 -4.010313 47.287632 0.301099 -0.926687 0.224922
0.000000 -4.971490 43.327557 0.301099 -0.926687 0.224923
2.357203 -3.244411 47.287636 0.283370 -0.872127 0.398869
1.503140 -2.068894 50.464661 0.283370 -0.872127 0.398869
0.000000 -2.557295 50.464657 0.283370 -0.872127 0.398869
0.000000 -4.010313 47.287632 0.283370 -0.872127 0.398869
4.728168 -1.536275 43.327557 0.788287 -0.572724 0.224922
3.814034 -1.239255 47.287636 0.788287 -0.572724 0.224922
2.357203 -3.244411 47.287636 0.788287 -0.572724 0.224922
2.922169 -4.022019 43.327557 0.788287 -0.572724 0.224922
3.814034 -1.239255 47.287636 0.741875 -0.539004 0.398869
2.432131 -0.790247 50.464661 0.741875 -0.539004 0.398869
1.503140 -2.068894 50.464661 0.741875 -0.539004 0.398869
2.357203 -3.244411 47.287636 0.741875 -0.539004 0.398869
4.728168 1.536276 43.327557 0.974377 0.000000 0.224922
3.814034 1.239255 47.287636 0.974377 0.000000 0.224922
3.814034 -1.239255 47.287636 0.974377 0.000000 0.224922
4.728168 -1.536275 43.327557 0.974377 0.000000 0.224922
3.814034 1.239255 47.287636 0.917008 0.000000 0.398869
2.432131 0.790247 50.464661 0.917008 0.000000 0.398869
2.432131 -0.790247 50.464661 0.917008 0.000000 0.398869
3.814034 -1.239255 47.287636 0.917008 0.000000 0.398869
2.922168 4.022019 43.327557 0.788287 0.572724 0.224922
2.357203 3.244411 47.287636 0.788287 0.572724 0.224922
3.814034 1.239255 47.287636 0.788287 0.572724 0.224922
4.728168 1.536276 43.327557 0.788287 0.572724 0.224922
2.357203 3.244411 47.287636 0.741875 0.539004 0.398869
1.503140 2.068894 50.464661 0.741875 0.539004 0.398869
2.432131 0.790247 50.464661 0.741875 0.539004 0.398869
3.814034 1.239255 47.287636 0.741875 0.539004 0.398869
0.000000 4.971490 43.327557 0.301099 0.926687 0.224922
0.000000 4.010313 47.287636 0.301099 0.926687 0.224922
2.357203 3.244411 47.287636 0.301099 0.926687 0.224922
2.922168 4.022019 43.327557 0.301099 0.926687 0.224922
0.000000 4.010313 47.287636 0.283371 0.872126 0.398869
0.000000 2.557294 50.464661 0.283371 0.872126 0.398869
1.503140 2.068894 50.464661 0.283371 0.872126 0.398869
2.357203 3.244411 47.287636 0.283371 0.872126 0.398869
2.982984 4.105722 28.430899 0.307787 0.947271 -0.089129
2.324046 3.198770 16.516209 0.307787 0.947271 -0.089129
0.000000 3.953898 16.516209 0.307787 0.947271 -0.089129
0.000000 5.074952 28.430899 0.307787 0.947271 -0.089129
4.826567 1.568247 28.430899 0.806562 0.584344 -0.089440
3.758688 1.181246 16.517889 0.811581 0.577031 -0.091495
2.324046 3.198770 16.516209 0.810654 0.578393 -0.091114
2.982984 4.105722 28.430899 0.805797 0.585446 -0.089129
4.826567 -1.568247 28.430899 0.996006 0.000000 -0.089282
3.758688 -1.181246 16.517889 0.996006 0.000000 -0.089282
3.758688 1.181246 16.517889 0.996006 0.000000 -0.089282
4.826567 1.568247 28.430899 0.996006 0.000000 -0.089282
2.982984 -4.105722 28.430899 0.806455 -0.584265 -0.090917
2.324046 -3.198770 16.516209 0.811776 -0.577172 -0.088830
3.758688 -1.181246 16.517889 0.810792 -0.578495 -0.089219
4.826567 -1.568247 28.430899 0.805643 -0.585334 -0.091233
0.000000 -5.074952 28.430899 0.307787 -0.947271 -0.089129
0.000000 -3.953898 16.516209 0.307787 -0.947271 -0.089129
2.324046 -3.198770 16.516209 0.307787 -0.947271 -0.089129
2.982984 -4.105722 28.430899 0.307787 -0.947271 -0.089129
0.000000 -5.420579 39.190041 0.308873 -0.950613 -0.030537
0.000000 -5.074952 28.430899 0.308873 -0.950613 -0.030538
2.982984 -4.105722 28.430899 0.308873 -0.950613 -0.030538
3.186137 -4.385340 39.190041 0.308873 -0.950613 -0.030537
3.186137 -4.385340 39.190041 0.808640 -0.587511 -0.030537
2.982984 -4.105722 28.430899 0.808640 -0.587511 -0.030537
4.826567 -1.568247 28.430899 0.808640 -0.587511 -0.030537
5.155276 -1.675052 39.190041 0.808640 -0.587511 -0.030537
5.155276 -1.675052 39.190041 0.999534 0.000000 -0.030537
4.826567 -1.568247 28.430899 0.999534 0.000000 -0.030537
4.826567 1.568247 28.430899 0.999534 0.000000 -0.030537
5.155276 1.675052 39.190041 0.999534 0.000000 -0.030537
5.155276 1.675052 39.190041 0.808640 0.587511 -0.030537
4.826567 1.568247 28.430899 0.808640 0.587511 -0.030537
2.982984 4.105722 28.430899 0.808640 0.587511 -0.030537
3.186137 4.385340 39.190041 0.808640 0.587511 -0.030537
3.186137 4.385340 39.190041 0.308873 0.950613 -0.030538
2.982984 4.105722 28.430899 0.308873 0.950613 -0.030537
0.000000 5.074952 28.430899 0.308873 0.950613 -0.030537
0.000000 5.420579 39.190041 0.308873 0.950613 -0.030538
3.758688 1.181246 16.517889 0.807897 0.576045 -0.124397
1.809183 0.620818 1.012882 0.792275 0.597999 -0.121231
1.117275 1.537791 1.014266 0.793911 0.595759 -0.121561
2.324046 3.198770 16.516209 0.808666 0.574931 -0.124554
0.000000 -3.953898 16.516209 0.306594 -0.943601 -0.124971
0.000000 -1.900815 1.014266 0.306594 -0.943601 -0.124971
1.117275 -1.537791 1.014266 0.306594 -0.943601 -0.124971
2.324046 -3.198770 16.516209 0.306594 -0.943601 -0.124971
2.324046 3.198770 16.516209 0.306594 0.943601 -0.124971
1.117275 1.537791 1.014266 0.306594 0.943601 -0.124971
0.000000 1.900815 1.014266 0.306594 0.943601 -0.124971
0.000000 3.953898 16.516209 0.306594 0.943601 -0.124971
2.324046 -3.198770 16.516209 0.808075 -0.576171 -0.122644
1.117275 -1.537791 1.014266 0.791830 -0.597670 -0.125679
1.809183 -0.620818 1.012882 0.793524 -0.595484 -0.125372
3.758688 -1.181246 16.517889 0.808875 -0.575081 -0.122489
12.787613 0.431646 7.521755 0.036376 0.998238 -0.046873
12.779829 0.162731 1.934165 0.045702 0.997797 -0.048085
10.908871 0.240854 1.777046 0.042986 0.997960 -0.047202
10.908870 0.452740 6.593874 0.034220 0.998328 -0.046591
4.117448 0.524435 1.206724 0.045183 0.998106 -0.041758
1.809183 0.620818 1.012882 0.045183 0.998106 -0.041758
3.758688 1.181246 16.517889 0.042239 0.998188 -0.042851
5.386491 0.923407 12.116254 0.041914 0.998189 -0.043148
0.876869 -1.206902 1.014266 0.000000 0.000000 -1.000000
1.117275 -1.537791 1.014266 0.000000 0.000000 -1.000000
0.000000 -1.900815 1.014266 0.000000 0.000000 -1.000000
0.000000 -1.491813 1.014266 0.000000 0.000000 -1.000000
1.418802 -0.460996 1.014266 -0.002556 0.000716 -0.999997
1.809183 -0.620818 1.012882 -0.003180 0.000891 -0.999995
1.117275 -1.537791 1.014266 -0.000932 0.000261 -1.000000
0.876869 -1.206902 1.014266 0.000000 0.000000 -1.000000
1.418802 0.460996 1.014266 -0.003545 0.000000 -0.999994
1.809183 0.620818 1.012882 -0.003545 0.000000 -0.999994
1.809183 -0.620818 1.012882 -0.003545 0.000000 -0.999994
1.418802 -0.460996 1.014266 -0.003545 0.000000 -0.999994
0.876869 1.206902 1.014266 -0.001366 0.000189 -0.999999
1.117275 1.537791 1.014266 -0.001019 0.000740 -0.999999
1.809183 0.620818 1.012882 -0.002258 -0.001231 -0.999997
1.418802 0.460996 1.014266 -0.002732 -0.001985 -0.999994
0.000000 1.491813 1.014266 0.000000 0.000000 -1.000000
0.000000 1.900815 1.014266 0.000000 0.000000 -1.000000
1.117275 1.537791 1.014266 0.000000 0.000000 -1.000000
0.876869 1.206902 1.014266 0.000000 0.000000 -1.000000
0.876869 1.206902 1.014266 0.265467 0.817025 0.511856
1.231128 1.694497 0.052235 0.265467 0.817025 0.511856
0.000000 2.094514 0.052235 0.265467 0.817025 0.511857
0.000000 1.491813 1.014266 0.265467 0.817025 0.511857
0.876869 -1.206902 1.014266 0.695003 -0.504949 0.511856
1.231128 -1.694497 0.052235 0.695003 -0.504949 0.511856
1.992005 -0.647241 0.052235 0.695003 -0.504949 0.511856
1.418802 -0.460996 1.014266 0.695003 -0.504949 0.511856
1.418802 -0.460996 1.014266 0.859071 0.000000 0.511856
1.992005 -0.647241 0.052235 0.859071 0.000000 0.511856
1.992005 0.647241 0.052235 0.859071 0.000000 0.511856
1.418802 0.460996 1.014266 0.859071 0.000000 0.511856
1.418802 0.460996 1.014266 0.695003 0.504949 0.511856
1.992005 0.647241 0.052235 0.695003 0.504949 0.511856
1.231128 1.694497 0.052235 0.695003 0.504949 0.511856
0.876869 1.206902 1.014266 0.695003 0.504949 0.511856
0.000000 -1.491813 1.014266 0.265467 -0.817025 0.511856
0.000000 -2.094514 0.052235 0.265467 -0.817025 0.511857
1.231128 -1.694497 0.052235 0.265467 -0.817025 0.511856
0.876869 -1.206902 1.014266 0.265467 -0.817025 0.511856
0.920578 -1.267061 0.052235 0.000000 0.000000 -1.000000
1.231128 -1.694497 0.052235 0.000000 0.000000 -1.000000
1.489524 -0.483975 0.052235 0.000000 0.000000 -1.000000
1.992005 -0.647241 0.052235 0.000000 0.000000 -1.000000
1.231128 -1.694497 0.052235 0.000000 0.000000 -1.000000
0.920578 -1.267061 0.052235 0.000000 0.000000 -1.000000
1.489524 0.483975 0.052235 0.000000 0.000000 -1.000000
1.992005 0.647241 0.052235 0.000000 0.000000 -1.000000
1.992005 -0.647241 0.052235 0.000000 0.000000 -1.000000
1.489524 -0.483975 0.052235 0.000000 0.000000 -1.000000
0.920578 1.267061 0.052235 0.000000 0.000000 -1.000000
1.231128 1.694497 0.052235 0.000000 0.000000 -1.000000
1.992005 0.647241 0.052235 0.000000 0.000000 -1.000000
1.489524 0.483975 0.052235 0.000000 0.000000 -1.000000
0.000000 1.566174 0.052235 0.000000 0.000000 -1.000000
0.000000 2.094514 0.052235 0.000000 0.000000 -1.000000
1.231128 1.694497 0.052235 0.000000 0.000000 -1.000000
0.920578 1.267061 0.052235 0.000000 0.000000 -1.000000
1.489524 -0.483975 0.052235 -0.695443 0.000000 -0.718581
0.000000 0.000000 1.493797 -0.695443 0.000000 -0.718581
1.489524 0.483975 0.052235 -0.695443 0.000000 -0.718581
1.489524 0.483975 0.052235 -0.562626 -0.408771 -0.718581
0.000000 0.000000 1.493797 -0.562626 -0.408771 -0.718581
0.920578 1.267061 0.052235 -0.562626 -0.408771 -0.718581
0.000000 -1.566174 0.052235 -0.214903 0.661407 -0.718580
0.000000 0.000000 1.493797 -0.214903 0.661407 -0.718580
0.920578 -1.267061 0.052235 -0.214903 0.661407 -0.718580
0.920578 1.267061 0.052235 -0.214903 -0.661407 -0.718580
0.000000 0.000000 1.493797 -0.214903 -0.661407 -0.718580
0.000000 1.566174 0.052235 -0.214903 -0.661407 -0.718580
0.920578 -1.267061 0.052235 -0.562626 0.408771 -0.718581
0.000000 0.000000 1.493797 -0.562626 0.408771 -0.718581
1.489524 -0.483975 0.052235 -0.562626 0.408771 -0.718581
12.787613 -0.431647 7.521755 0.999999 0.000000 -0.001393
12.779829 -0.162732 1.934165 0.999999 0.000000 -0.001393
12.779829 0.162731 1.934165 0.999999 0.000000 -0.001393
12.787613 0.431646 7.521755 0.999999 0.000000 -0.001393
3.758688 -1.181246 16.517889 0.705819 0.000000 0.708392
12.787613 -0.431647 7.521755 0.705819 0.000000 0.708392
12.787613 0.431646 7.521755 0.705819 0.000000 0.708392
3.758688 1.181246 16.517889 0.705819 0.000000 0.708392
1.809183 0.620818 1.012882 0.083683 0.000000 -0.996493
4.117448 0.524435 1.206724 0.083683 0.000000 -0.996492
4.117448 -0.524435 1.206724 0.083683 0.000000 -0.996492
1.809183 -0.620818 1.012882 0.083683 0.000000 -0.996492
3.758688 -1.181246 16.517889 0.041726 -0.998263 -0.041599
1.809183 -0.620818 1.012882 0.045183 -0.998106 -0.041758
4.117448 -0.524435 1.206724 0.044791 -0.998123 -0.041767
5.386491 -0.931028 12.116254 0.040958 -0.998294 -0.041603
10.908871 -0.240855 1.777046 0.045532 -0.997808 -0.048030
12.779829 -0.162732 1.934165 0.045702 -0.997797 -0.048085
12.787613 -0.431647 7.521755 0.043322 -0.998073 -0.044432
10.908868 -0.471719 6.593878 0.043356 -0.998060 -0.044684
4.117448 -0.524435 1.206724 0.962675 0.248777 -0.106611
4.098836 -0.387603 1.364880 0.961411 0.253720 -0.106376
5.377553 -0.721461 12.125469 0.992309 0.049087 -0.113634
5.386491 -0.931028 12.116254 0.992390 0.047321 -0.113675
10.908871 0.240854 1.777046 0.083683 0.000000 -0.996492
12.779829 0.162731 1.934165 0.083683 0.000000 -0.996492
12.779829 -0.162732 1.934165 0.083683 0.000000 -0.996492
10.908871 -0.240855 1.777046 0.083683 0.000000 -0.996492
10.908871 -0.240855 1.777046 -0.992578 -0.000638 -0.121605
10.890630 -0.094288 1.926274 -0.992770 -0.001352 -0.120024
10.890389 0.094180 1.926139 -0.992471 -0.000243 -0.122478
10.908871 0.240854 1.777046 -0.992405 0.000000 -0.123017
10.908871 0.240854 1.777046 -0.992904 0.118899 -0.001963
10.890389 0.094180 1.926139 -0.992399 0.123047 -0.001964
10.899607 0.243173 6.602761 -0.998954 0.045678 -0.001940
10.908870 0.452740 6.593874 -0.999026 0.044075 -0.001939
4.098611 0.387511 1.364775 0.082381 -0.000121 -0.996601
10.890389 0.094180 1.926139 0.082346 -0.000609 -0.996604
10.890630 -0.094288 1.926274 0.082349 -0.000574 -0.996603
4.098836 -0.387603 1.364880 0.082381 -0.000112 -0.996601
10.890389 0.094180 1.926139 0.048204 0.998238 -0.034592
4.098611 0.387511 1.364775 0.046071 0.998298 -0.035750
5.377229 0.713839 12.125142 0.048344 0.998234 -0.034517
10.899607 0.243173 6.602761 0.053162 0.998076 -0.031903
4.098836 -0.387603 1.364880 0.046340 -0.998267 -0.036259
10.890630 -0.094288 1.926274 0.046082 -0.998292 -0.035923
10.899931 -0.262152 6.603094 0.046354 -0.998266 -0.036276
5.377553 -0.721461 12.125469 0.046526 -0.998250 -0.036501
10.908868 -0.471719 6.593878 -0.999022 -0.044214 0.000328
10.899931 -0.262152 6.603094 -0.999091 -0.042626 0.000457
10.890630 -0.094288 1.926274 -0.993188 -0.116391 -0.005531
10.908871 -0.240855 1.777046 -0.993017 -0.117835 -0.005648
10.908870 0.452740 6.593874 -0.707053 0.001263 -0.707160
10.899607 0.243173 6.602761 -0.707053 0.001263 -0.707160
5.377229 0.713839 12.125142 -0.707053 0.001257 -0.707160
5.386491 0.923407 12.116254 -0.707053 0.001257 -0.707160
4.117448 0.524435 1.206724 0.992983 0.000244 0.118257
4.098611 0.387511 1.364775 0.992941 0.000305 0.118606
4.098836 -0.387603 1.364880 0.993132 0.000023 0.117002
4.117448 -0.524435 1.206724 0.993147 0.000000 0.116871
5.386491 -0.931028 12.116254 -0.707145 0.000935 -0.707068
5.377553 -0.721461 12.125469 -0.707145 0.000935 -0.707068
10.899931 -0.262152 6.603094 -0.707146 0.000939 -0.707067
10.908868 -0.471719 6.593878 -0.707146 0.000939 -0.707067
5.386491 0.923407 12.116254 0.991928 -0.050536 -0.116300
5.377229 0.713839 12.125142 0.992004 -0.048779 -0.116397
4.098611 0.387511 1.364775 0.962906 -0.249444 -0.102910
4.117448 0.524435 1.206724 0.962501 -0.251054 -0.102781
1.212055 3.387590 16.887638 0.998171 0.042323 -0.043164
0.639646 1.358278 1.052764 0.998115 0.044905 -0.041835
0.564751 3.151939 1.191179 0.998115 0.044905 -0.041835
1.000086 4.655510 13.191395 0.998160 0.043390 -0.042358
0.232581 11.107022 1.805074 0.997949 0.043021 -0.047398
0.162732 12.779829 1.934165 0.997812 0.045375 -0.048085
0.431647 12.787613 7.521755 0.998268 0.035573 -0.046866
0.447751 11.107020 6.634337 0.998355 0.034195 -0.046025
-0.431646 12.787613 7.521755 0.000000 0.999999 -0.001393
0.431647 12.787613 7.521755 0.000000 0.999999 -0.001393
0.162732 12.779829 1.934165 0.000000 0.999999 -0.001393
-0.162731 12.779829 1.934165 0.000000 0.999999 -0.001393
-1.212055 3.387590 16.887638 0.000000 0.705819 0.708392
1.212055 3.387590 16.887638 0.000000 0.705819 0.708392
0.431647 12.787613 7.521755 0.000000 0.705819 0.708392
-0.431646 12.787613 7.521755 0.000000 0.705819 0.708392
0.639646 1.358278 1.052764 -0.000000 0.076940 -0.997036
-0.639646 1.358278 1.052764 0.000000 0.076941 -0.997036
-0.564750 3.151938 1.191179 -0.000000 0.076940 -0.997036
0.564751 3.151939 1.191179 -0.000000 0.076940 -0.997036
-0.564750 3.151938 1.191179 -0.998127 0.044637 -0.041832
-0.639646 1.358278 1.052764 -0.998115 0.044905 -0.041835
-1.212055 3.387590 16.887638 -0.998267 0.041622 -0.041606
-0.431646 12.787613 7.521755 -0.998075 0.043244 -0.044462
-0.162731 12.779829 1.934165 -0.997812 0.045375 -0.048085
-0.232581 11.107022 1.805074 -0.997815 0.045318 -0.048068
-0.464878 11.107021 6.634337 -0.998048 0.043428 -0.044870
-1.005847 4.655510 13.191395 -0.998289 0.041090 -0.041598
-0.409355 3.131968 1.371123 -0.998289 0.046425 -0.035546
-0.767699 4.645381 13.201828 -0.998243 0.046879 -0.036233
-0.226730 11.096891 6.644772 -0.998295 0.046370 -0.035463
-0.066326 11.087394 1.975073 -0.998365 0.045659 -0.034387
0.447751 11.107020 6.634337 0.001386 -0.712761 -0.701405
1.000086 4.655510 13.191395 0.001390 -0.712761 -0.701405
0.761939 4.645071 13.201531 0.001390 -0.712761 -0.701405
0.209603 11.096581 6.644476 0.001386 -0.712761 -0.701405
-1.005847 4.655510 13.191395 0.000406 -0.712837 -0.701329
-0.464878 11.107021 6.634337 0.000408 -0.712837 -0.701329
-0.226730 11.096891 6.644772 0.000408 -0.712837 -0.701329
-0.767699 4.645381 13.201828 0.000406 -0.712837 -0.701330
0.232581 11.107022 1.805074 0.000000 0.076941 -0.997036
-0.232581 11.107022 1.805074 0.000000 0.076941 -0.997036
-0.162731 12.779829 1.934165 0.000000 0.076941 -0.997036
0.162732 12.779829 1.934165 0.000000 0.076941 -0.997036
-0.232581 11.107022 1.805074 -0.000629 -0.993366 -0.114993
0.232581 11.107022 1.805074 0.000000 -0.993239 -0.116086
0.066228 11.087168 1.974951 -0.000400 -0.993320 -0.115392
-0.066326 11.087394 1.975073 -0.001798 -0.993597 -0.112965
0.409273 3.131755 1.371028 -0.000103 0.075703 -0.997130
-0.409355 3.131968 1.371123 -0.000095 0.075703 -0.997130
-0.066326 11.087394 1.975073 -0.000746 0.075664 -0.997133
0.066228 11.087168 1.974951 -0.000790 0.075662 -0.997133
0.066228 11.087168 1.974951 0.998245 0.048431 -0.034070
0.209603 11.096581 6.644476 0.998057 0.054190 -0.030754
0.761939 4.645071 13.201531 0.998254 0.048142 -0.034237
0.409273 3.131755 1.371028 0.998318 0.045752 -0.035612
0.564751 3.151939 1.191179 0.000214 0.993770 0.111447
-0.564750 3.151938 1.191179 -0.000000 0.993898 0.110303
-0.409355 3.131968 1.371123 0.000022 0.993885 0.110420
0.409273 3.131755 1.371028 0.000272 0.993735 0.111757
-0.564750 3.151938 1.191179 0.251327 0.961016 -0.115249
-1.005847 4.655510 13.191395 0.047529 0.991334 -0.122463
-0.767699 4.645381 13.201828 0.049373 0.991250 -0.122421
-0.409355 3.131968 1.371123 0.256493 0.959681 -0.114996
-0.464878 11.107021 6.634337 -0.044184 -0.999023 0.000429
-0.232581 11.107022 1.805074 -0.111821 -0.993714 -0.005379
-0.066326 11.087394 1.975073 -0.110308 -0.993884 -0.005249
-0.226730 11.096891 6.644772 -0.042523 -0.999095 0.000571
1.000086 4.655510 13.191395 -0.050604 0.990840 -0.125199
0.564751 3.151939 1.191179 -0.253390 0.960950 -0.111210
0.409273 3.131755 1.371028 -0.251710 0.961376 -0.111349
0.761939 4.645071 13.201531 -0.048771 0.990919 -0.125301
0.232581 11.107022 1.805074 0.112541 -0.993646 -0.001610
0.447751 11.107020 6.634337 0.043713 -0.999042 -0.001948
0.209603 11.096581 6.644476 0.045391 -0.998967 -0.001940
0.066228 11.087168 1.974951 0.116912 -0.993141 -0.001588
0.431646 -12.787613 7.521755 0.998239 -0.036149 -0.047034
0.162731 -12.779829 1.934165 0.997812 -0.045375 -0.048085
0.232580 -11.107022 1.805074 0.997949 -0.043021 -0.047398
0.447750 -11.107020 6.634337 0.998323 -0.034225 -0.046699
0.564750 -3.151939 1.191179 0.998115 -0.044905 -0.041835
0.639646 -1.358278 1.052764 0.998115 -0.044905 -0.041835
1.212055 -3.387590 16.887638 0.998197 -0.042086 -0.042807
1.000085 -4.655510 13.191395 0.998194 -0.041948 -0.042994
-0.431647 -12.787613 7.521755 0.000000 -0.999999 -0.001393
-0.162733 -12.779829 1.934165 0.000000 -0.999999 -0.001393
0.162731 -12.779829 1.934165 0.000000 -0.999999 -0.001393
0.431646 -12.787613 7.521755 0.000000 -0.999999 -0.001393
-1.212055 -3.387590 16.887638 0.000000 -0.705819 0.708392
-0.431647 -12.787613 7.521755 0.000000 -0.705819 0.708392
0.431646 -12.787613 7.521755 0.000000 -0.705819 0.708392
1.212055 -3.387590 16.887638 0.000000 -0.705819 0.708392
0.639646 -1.358278 1.052764 -0.000000 -0.076940 -0.997036
0.564750 -3.151939 1.191179 -0.000000 -0.076940 -0.997036
-0.564751 -3.151938 1.191179 -0.000000 -0.076940 -0.997036
-0.639646 -1.358278 1.052764 0.000000 -0.076941 -0.997036
-1.212055 -3.387590 16.887638 -0.998267 -0.041622 -0.041606
-0.639646 -1.358278 1.052764 -0.998115 -0.044905 -0.041835
-0.564751 -3.151938 1.191179 -0.998127 -0.044637 -0.041832
-1.005847 -4.655510 13.191395 -0.998289 -0.041090 -0.041598
-0.232582 -11.107022 1.805074 -0.997815 -0.045318 -0.048068
-0.162733 -12.779829 1.934165 -0.997812 -0.045375 -0.048085
-0.431647 -12.787613 7.521755 -0.998075 -0.043244 -0.044462
-0.464879 -11.107021 6.634337 -0.998048 -0.043428 -0.044870
-0.409355 -3.131968 1.371123 -0.998289 -0.046425 -0.035546
-0.066327 -11.087394 1.975073 -0.998365 -0.045659 -0.034387
-0.226731 -11.096891 6.644772 -0.998295 -0.046370 -0.035463
-0.767699 -4.645381 13.201828 -0.998243 -0.046878 -0.036233
0.447750 -11.107020 6.634337 0.001385 0.712761 -0.701405
0.209602 -11.096581 6.644476 0.001385 0.712762 -0.701405
0.761938 -4.645071 13.201531 0.001390 0.712761 -0.701405
1.000085 -4.655510 13.191395 0.001390 0.712761 -0.701405
-1.005847 -4.655510 13.191395 0.000406 0.712837 -0.701329
-0.767699 -4.645381 13.201828 0.000406 0.712837 -0.701329
-0.226731 -11.096891 6.644772 0.000408 0.712837 -0.701329
-0.464879 -11.107021 6.634337 0.000408 0.712837 -0.701329
0.232580 -11.107022 1.805074 0.000000 -0.076941 -0.997036
0.162731 -12.779829 1.934165 0.000000 -0.076941 -0.997036
-0.162733 -12.779829 1.934165 0.000000 -0.076941 -0.997036
-0.232582 -11.107022 1.805074 0.000000 -0.076941 -0.997036
-0.232582 -11.107022 1.805074 -0.000629 0.993366 -0.114993
-0.066327 -11.087394 1.975073 -0.001798 0.993597 -0.112965
0.066227 -11.087168 1.974951 -0.000400 0.993320 -0.115392
0.232580 -11.107022 1.805074 0.000000 0.993239 -0.116086
0.409273 -3.131755 1.371028 -0.000103 -0.075703 -0.997130
0.066227 -11.087168 1.974951 -0.000790 -0.075662 -0.997133
-0.066327 -11.087394 1.975073 -0.000746 -0.075664 -0.997133
-0.409355 -3.131968 1.371123 -0.000095 -0.075703 -0.997130
0.066227 -11.087168 1.974951 0.998245 -0.048432 -0.034070
0.409273 -3.131755 1.371028 0.998318 -0.045752 -0.035612
0.761938 -4.645071 13.201531 0.998254 -0.048142 -0.034237
0.209602 -11.096581 6.644476 0.998057 -0.054190 -0.030754
0.564750 -3.151939 1.191179 0.000214 -0.993770 0.111447
0.409273 -3.131755 1.371028 0.000272 -0.993735 0.111757
-0.409355 -3.131968 1.371123 0.000022 -0.993885 0.110420
-0.564751 -3.151938 1.191179 -0.000000 -0.993898 0.110303
-0.564751 -3.151938 1.191179 0.251327 -0.961016 -0.115249
-0.409355 -3.131968 1.371123 0.256493 -0.959681 -0.114996
-0.767699 -4.645381 13.201828 0.049373 -0.991250 -0.122421
-1.005847 -4.655510 13.191395 0.047529 -0.991334 -0.122463
-0.464879 -11.107021 6.634337 -0.044184 0.999023 0.000429
-0.226731 -11.096891 6.644772 -0.042523 0.999095 0.000571
-0.066327 -11.087394 1.975073 -0.110308 0.993884 -0.005249
-0.232582 -11.107022 1.805074 -0.111821 0.993714 -0.005379
1.000085 -4.655510 13.191395 -0.050604 -0.990840 -0.125199
0.761938 -4.645071 13.201531 -0.048771 -0.990919 -0.125301
0.409273 -3.131755 1.371028 -0.251710 -0.961376 -0.111349
0.564750 -3.151939 1.191179 -0.253390 -0.960950 -0.111210
0.232580 -11.107022 1.805074 0.112541 0.993646 -0.001610
0.066227 -11.087168 1.974951 0.116912 0.993141 -0.001588
0.209602 -11.096581 6.644476 0.045391 0.998967 -0.001940
0.447750 -11.107020 6.634337 0.043713 0.999042 -0.001948
-0.401785 0.553010 52.896873 -0.000005 0.000003 1.000000
-0.650102 0.211231 52.896873 -0.000005 0.000003 1.000000
0.000000 0.000000 52.896877 -0.000005 0.000003 1.000000
-0.401785 -0.553010 52.896873 -0.000002 -0.000006 1.000000
0.000000 -0.683558 52.896873 -0.000000 -0.000006 1.000000
0.000000 0.000000 52.896877 -0.000002 -0.000006 1.000000
0.650102 -0.211231 52.896873 0.000006 0.000000 1.000000
0.650102 0.211231 52.896873 0.000006 0.000000 1.000000
0.000000 0.000000 52.896877 0.000006 0.000000 1.000000
0.000000 0.683558 52.896873 0.000000 0.000006 1.000000
-0.401785 0.553010 52.896873 -0.000002 0.000006 1.000000
0.000000 0.000000 52.896877 -0.000002 0.000006 1.000000
-0.650102 -0.211231 52.896873 -0.000005 -0.000003 1.000000
-0.401785 -0.553010 52.896873 -0.000005 -0.000003 1.000000
0.000000 0.000000 52.896877 -0.000005 -0.000003 1.000000
0.650102 0.211231 52.896873 0.000005 0.000003 1.000000
0.401785 0.553010 52.896873 0.000005 0.000003 1.000000
0.000000 0.000000 52.896877 0.000005 0.000003 1.000000
0.401785 -0.553010 52.896873 0.000002 -0.000006 1.000000
0.000000 0.000000 52.896877 0.000002 -0.000006 1.000000
-0.650102 0.211231 52.896873 -0.000006 0.000000 1.000000
-0.650102 -0.211231 52.896873 -0.000006 0.000000 1.000000
0.000000 0.000000 52.896877 -0.000006 0.000000 1.000000
0.401785 0.553010 52.896873 0.000002 0.000006 1.000000
0.000000 0.000000 52.896877 0.000002 0.000006 1.000000
0.401785 -0.553010 52.896873 0.000005 -0.000003 1.000000
0.650102 -0.211231 52.896873 0.000005 -0.000003 1.000000
0.000000 0.000000 52.896877 0.000005 -0.000003 1.000000
-1.568050 -5.592232 35.058998 1.000000 0.000001 0.000000
-1.568050 -5.485189 35.058998 1.000000 0.000001 0.000000
-1.568050 -5.485189 36.332207 1.000000 0.000001 0.000000
-1.568050 -5.592233 36.332207 1.000000 0.000001 0.000000
0.605442 -5.592232 37.232494 0.000000 -1.000000 -0.000000
0.699711 -5.592232 37.460075 0.000000 -1.000000 -0.000000
-0.762029 -5.592233 37.460079 0.000000 -1.000000 -0.000002
-0.667760 -5.592232 37.232494 0.000000 -1.000000 -0.000002
1.505732 -5.592231 36.332207 0.000000 -1.000000 -0.000001
1.733316 -5.592231 36.426472 0.000000 -1.000000 -0.000001
0.699711 -5.592232 37.460075 0.000001 -1.000000 -0.000001
0.605442 -5.592232 37.232494 0.000001 -1.000000 -0.000000
1.505732 -5.592231 35.058998 0.000000 -1.000000 0.000000
1.733316 -5.592231 34.964733 0.000000 -1.000000 0.000000
1.733316 -5.592231 36.426472 0.000000 -1.000000 0.000000
1.505732 -5.592231 36.332207 0.000000 -1.000000 0.000000
0.605442 -5.592231 34.158707 0.000000 -1.000000 0.000000
0.699711 -5.592231 33.931126 0.000000 -1.000000 0.000000
1.733316 -5.592231 34.964733 0.000000 -1.000000 0.000000
1.505732 -5.592231 35.058998 0.000000 -1.000000 0.000000
-0.667760 -5.592231 34.158707 0.000000 -1.000000 0.000002
-0.762028 -5.592232 33.931126 0.000000 -1.000000 0.000002
0.699711 -5.592231 33.931126 0.000000 -1.000000 0.000000
0.605442 -5.592231 34.158707 0.000000 -1.000000 0.000000
-1.568050 -5.592232 35.058998 0.000000 -1.000000 0.000000
-1.795634 -5.592232 34.964733 0.000000 -1.000000 0.000000
-0.762028 -5.592232 33.931126 0.000002 -1.000000 0.000001
-0.667760 -5.592231 34.158707 0.000002 -1.000000 0.000001
-1.568050 -5.592233 36.332207 -0.000000 -1.000000 -0.000001
-1.795634 -5.592233 36.426472 -0.000000 -1.000000 -0.000001
-1.795634 -5.592232 34.964733 0.000000 -1.000000 -0.000001
-1.568050 -5.592232 35.058998 0.000000 -1.000000 -0.000001
-0.667760 -5.592232 37.232494 0.000001 -1.000000 -0.000001
-0.762029 -5.592233 37.460079 0.000001 -1.000000 -0.000001
-1.795634 -5.592233 36.426472 0.000000 -1.000000 0.000000
-1.568050 -5.592233 36.332207 0.000000 -1.000000 0.000000
-1.795634 -5.592233 36.426472 -1.000000 -0.000000 -0.000000
-1.795634 -4.641595 36.426472 -1.000000 -0.000000 -0.000000
-1.795634 -4.641594 34.964733 -1.000000 -0.000000 -0.000000
-1.795634 -5.592232 34.964733 -1.000000 -0.000000 -0.000000
-0.762028 -5.592232 33.931126 0.000000 0.000000 -1.000000
-0.762029 -4.641594 33.931126 0.000000 0.000000 -1.000000
0.699710 -4.641593 33.931126 0.000000 0.000000 -1.000000
0.699711 -5.592231 33.931126 0.000000 0.000000 -1.000000
1.733316 -5.592231 34.964733 1.000000 0.000000 0.000000
1.733316 -4.641593 34.964733 1.000000 0.000000 0.000000
1.733316 -4.641593 36.426472 1.000000 0.000000 0.000000
1.733316 -5.592231 36.426472 1.000000 0.000000 0.000000
0.699711 -5.592232 37.460075 0.000003 0.000000 1.000000
0.699711 -4.641594 37.460075 0.000003 0.000000 1.000000
-0.762029 -4.641595 37.460079 0.000003 0.000000 1.000000
-0.762029 -5.592233 37.460079 0.000003 0.000000 1.000000
-0.762029 -5.592233 37.460079 -0.707107 -0.000000 0.707106
-0.762029 -4.641595 37.460079 -0.707107 -0.000000 0.707106
-1.795634 -4.641595 36.426472 -0.707107 -0.000000 0.707106
-1.795634 -5.592233 36.426472 -0.707107 -0.000000 0.707106
-1.795634 -5.592232 34.964733 -0.707107 -0.000000 -0.707106
-1.795634 -4.641594 34.964733 -0.707107 -0.000000 -0.707106
-0.762029 -4.641594 33.931126 -0.707107 -0.000000 -0.707106
-0.762028 -5.592232 33.931126 -0.707107 -0.000000 -0.707106
0.699711 -5.592231 33.931126 0.707107 0.000000 -0.707106
0.699710 -4.641593 33.931126 0.707107 0.000000 -0.707106
1.733316 -4.641593 34.964733 0.707107 0.000000 -0.707106
1.733316 -5.592231 34.964733 0.707107 0.000000 -0.707106
1.733316 -5.592231 36.426472 0.707106 0.000000 0.707107
1.733316 -4.641593 36.426472 0.707106 0.000000 0.707107
0.699711 -4.641594 37.460075 0.707106 0.000000 0.707107
0.699711 -5.592232 37.460075 0.707106 0.000000 0.707107
1.505732 -5.485188 36.332207 0.000000 -1.000000 -0.000000
0.605442 -5.485188 37.232494 0.000000 -1.000000 -0.000001
-0.667760 -5.485188 37.232494 0.000000 -1.000000 -0.000000
-1.568050 -5.485189 36.332207 0.000001 -1.000000 0.000000
-1.568050 -5.485189 35.058998 0.000000 -1.000000 -0.000000
-0.667760 -5.485188 34.158707 0.000000 -1.000000 -0.000002
0.605442 -5.485188 34.158707 0.000001 -1.000000 -0.000001
1.505732 -5.485187 35.058998 0.000001 -1.000000 -0.000001
0.605442 -5.592231 34.158707 0.000000 0.000000 1.000000
0.605442 -5.485188 34.158707 0.000000 0.000000 1.000000
-0.667760 -5.485188 34.158707 0.000000 0.000000 1.000000
-0.667760 -5.592231 34.158707 0.000000 0.000000 1.000000
1.505732 -5.592231 36.332207 -1.000000 -0.000001 -0.000000
1.505732 -5.485188 36.332207 -1.000000 -0.000001 -0.000000
1.505732 -5.485187 35.058998 -1.000000 -0.000001 -0.000000
1.505732 -5.592231 35.058998 -1.000000 -0.000001 0.000000
-0.667760 -5.592232 37.232494 0.000000 0.000000 -1.000000
-0.667760 -5.485188 37.232494 0.000000 0.000000 -1.000000
0.605442 -5.485188 37.232494 0.000000 0.000000 -1.000000
0.605442 -5.592232 37.232494 0.000000 0.000000 -1.000000
-1.568050 -5.592233 36.332207 0.707106 0.000001 -0.707108
-1.568050 -5.485189 36.332207 0.707106 0.000001 -0.707108
-0.667760 -5.485188 37.232494 0.707106 0.000000 -0.707108
-0.667760 -5.592232 37.232494 0.707106 0.000000 -0.707108
-0.667760 -5.592231 34.158707 0.707107 0.000000 0.707106
-0.667760 -5.485188 34.158707 0.707107 0.000000 0.707106
-1.568050 -5.485189 35.058998 0.707107 0.000001 0.707106
-1.568050 -5.592232 35.058998 0.707107 0.000001 0.707106
1.505732 -5.592231 35.058998 -0.707107 -0.000001 0.707106
1.505732 -5.485187 35.058998 -0.707107 -0.000001 0.707106
0.605442 -5.485188 34.158707 -0.707107 -0.000000 0.707106
0.605442 -5.592231 34.158707 -0.707107 -0.000000 0.707106
0.605442 -5.592232 37.232494 -0.707106 -0.000000 -0.707108
0.605442 -5.485188 37.232494 -0.707106 -0.000000 -0.707108
1.505732 -5.485188 36.332207 -0.707106 -0.000001 -0.707108
1.505732 -5.592231 36.332207 -0.707106 -0.000001 -0.707108
-1.568054 5.592231 35.058998 1.000000 0.000001 -0.000000
-1.568054 5.592232 36.332207 1.000000 0.000001 -0.000000
-1.568054 5.485188 36.332207 1.000000 0.000001 -0.000000
-1.568054 5.485188 35.058998 1.000000 0.000001 0.000000
0.605439 5.592232 37.232494 -0.000000 1.000000 0.000000
-0.667764 5.592232 37.232494 0.000000 1.000000 0.000002
-0.762032 5.592232 37.460079 -0.000000 1.000000 0.000002
0.699707 5.592232 37.460075 -0.000000 1.000000 0.000000
1.505729 5.592232 36.332207 0.000000 1.000000 -0.000000
0.605439 5.592232 37.232494 0.000000 1.000000 -0.000000
0.699707 5.592232 37.460075 0.000000 1.000000 -0.000000
1.733313 5.592232 36.426472 0.000000 1.000000 -0.000000
1.505729 5.592232 35.058998 0.000000 1.000000 0.000000
1.505729 5.592232 36.332207 0.000000 1.000000 0.000000
1.733313 5.592232 36.426472 0.000000 1.000000 0.000000
1.733313 5.592232 34.964733 0.000000 1.000000 0.000000
0.605439 5.592231 34.158707 -0.000000 1.000000 -0.000000
1.505729 5.592232 35.058998 -0.000000 1.000000 -0.000000
1.733313 5.592232 34.964733 -0.000000 1.000000 -0.000000
0.699707 5.592231 33.931126 -0.000000 1.000000 -0.000000
-0.667764 5.592231 34.158707 -0.000000 1.000000 -0.000002
0.605439 5.592231 34.158707 0.000000 1.000000 0.000000
0.699707 5.592231 33.931126 -0.000000 1.000000 -0.000000
-0.762032 5.592231 33.931126 -0.000000 1.000000 -0.000002
-1.568054 5.592231 35.058998 -0.000000 1.000000 -0.000000
-0.667764 5.592231 34.158707 -0.000002 1.000000 -0.000001
-0.762032 5.592231 33.931126 -0.000002 1.000000 -0.000001
-1.795638 5.592231 34.964733 0.000000 1.000000 0.000000
-1.568054 5.592232 36.332207 -0.000000 1.000000 -0.000001
-1.568054 5.592231 35.058998 0.000000 1.000000 -0.000001
-1.795638 5.592231 34.964733 0.000000 1.000000 -0.000001
-1.795638 5.592232 36.426472 -0.000000 1.000000 -0.000001
-0.667764 5.592232 37.232494 -0.000001 1.000000 0.000001
-1.568054 5.592232 36.332207 -0.000000 1.000000 -0.000000
-1.795638 5.592232 36.426472 -0.000000 1.000000 -0.000000
-0.762032 5.592232 37.460079 -0.000001 1.000000 0.000001
-1.795638 5.592232 36.426472 -1.000000 -0.000001 0.000000
-1.795638 5.592231 34.964733 -1.000000 -0.000001 0.000000
-1.795637 4.641593 34.964733 -1.000000 -0.000001 0.000000
-1.795637 4.641594 36.426472 -1.000000 -0.000001 0.000000
-0.762032 5.592231 33.931126 0.000000 0.000000 -1.000000
0.699707 5.592231 33.931126 0.000000 0.000000 -1.000000
0.699707 4.641593 33.931126 0.000000 0.000000 -1.000000
-0.762032 4.641593 33.931126 0.000000 0.000000 -1.000000
1.733313 5.592232 34.964733 1.000000 0.000001 -0.000000
1.733313 5.592232 36.426472 1.000000 0.000001 0.000000
1.733313 4.641594 36.426472 1.000000 0.000001 -0.000000
1.733313 4.641594 34.964733 1.000000 0.000001 -0.000000
0.699707 5.592232 37.460075 0.000003 0.000000 1.000000
-0.762032 5.592232 37.460079 0.000003 0.000000 1.000000
-0.762032 4.641594 37.460079 0.000003 0.000000 1.000000
0.699708 4.641594 37.460075 0.000003 0.000000 1.000000
-0.762032 5.592232 37.460079 -0.707107 -0.000000 0.707106
-1.795638 5.592232 36.426472 -0.707107 -0.000000 0.707106
-1.795637 4.641594 36.426472 -0.707107 -0.000000 0.707106
-0.762032 4.641594 37.460079 -0.707107 -0.000000 0.707106
-1.795638 5.592231 34.964733 -0.707107 -0.000000 -0.707106
-0.762032 5.592231 33.931126 -0.707107 -0.000000 -0.707106
-0.762032 4.641593 33.931126 -0.707107 -0.000000 -0.707106
-1.795637 4.641593 34.964733 -0.707107 -0.000000 -0.707106
0.699707 5.592231 33.931126 0.707107 0.000000 -0.707106
1.733313 5.592232 34.964733 0.707107 0.000000 -0.707106
1.733313 4.641594 34.964733 0.707107 0.000000 -0.707106
0.699707 4.641593 33.931126 0.707107 0.000000 -0.707106
1.733313 5.592232 36.426472 0.707106 0.000000 0.707107
0.699707 5.592232 37.460075 0.707106 0.000000 0.707107
0.699708 4.641594 37.460075 0.707106 0.000000 0.707107
1.733313 4.641594 36.426472 0.707106 0.000000 0.707107
-0.667764 5.485188 37.232494 -0.000000 1.000000 -0.000000
0.605439 5.485188 37.232494 0.000000 1.000000 0.000001
1.505729 5.485189 36.332207 -0.000000 1.000000 -0.000000
1.505729 5.485188 35.058998 0.000000 1.000000 -0.000001
0.605439 5.485188 34.158707 -0.000000 1.000000 -0.000000
-0.667764 5.485188 34.158707 0.000000 1.000000 -0.000001
-1.568054 5.485188 35.058998 -0.000000 1.000000 -0.000000
-1.568054 5.485188 36.332207 -0.000001 1.000000 0.000000
0.605439 5.592231 34.158707 0.000000 0.000000 1.000000
-0.667764 5.592231 34.158707 0.000000 0.000000 1.000000
-0.667764 5.485188 34.158707 0.000000 0.000000 1.000000
0.605439 5.485188 34.158707 0.000000 0.000000 1.000000
1.505729 5.592232 36.332207 -1.000000 -0.000001 0.000000
1.505729 5.592232 35.058998 -1.000000 -0.000001 0.000000
1.505729 5.485188 35.058998 -1.000000 -0.000001 0.000000
1.505729 5.485189 36.332207 -1.000000 -0.000001 0.000000
-0.667764 5.592232 37.232494 0.000000 0.000000 -1.000000
0.605439 5.592232 37.232494 0.000000 0.000000 -1.000000
0.605439 5.485188 37.232494 0.000000 0.000000 -1.000000
-0.667764 5.485188 37.232494 0.000000 0.000000 -1.000000
-1.568054 5.592232 36.332207 0.707106 0.000001 -0.707108
-0.667764 5.592232 37.232494 0.707106 0.000000 -0.707108
-0.667764 5.485188 37.232494 0.707106 0.000000 -0.707108
-1.568054 5.485188 36.332207 0.707106 0.000001 -0.707108
-0.667764 5.592231 34.158707 0.707107 0.000000 0.707106
-1.568054 5.592231 35.058998 0.707107 0.000001 0.707106
-1.568054 5.485188 35.058998 0.707107 0.000001 0.707106
-0.667764 5.485188 34.158707 0.707107 0.000000 0.707106
1.505729 5.592232 35.058998 -0.707107 -0.000001 0.707106
0.605439 5.592231 34.158707 -0.707107 -0.000000 0.707106
0.605439 5.485188 34.158707 -0.707107 -0.000000 0.707106
1.505729 5.485188 35.058998 -0.707107 -0.000001 0.707106
0.605439 5.592232 37.232494 -0.707106 -0.000000 -0.707108
1.505729 5.592232 36.332207 -0.707106 -0.000001 -0.707108
1.505729 5.485189 36.332207 -0.707106 -0.000001 -0.707108
0.605439 5.485188 37.232494 -0.707106 -0.000000 -0.707108
3 0 1 2
3 0 2 3
3 4 5 6
3 4 6 7
3 8 9 10
3 8 10 11
3 12 13 14
3 12 14 15
3 16 17 18
3 16 18 19
3 20 21 22
3 20 22 23
3 24 25 26
3 24 26 27
3 28 29 30
3 28 30 31
3 32 33 34
3 32 34 35
3 36 37 38
3 36 38 39
3 40 41 42
3 40 42 43
3 44 45 46
3 44 46 47
3 48 49 50
3 48 50 51
3 52 53 54
3 52 54 55
3 56 57 58
3 56 58 59
3 60 61 62
3 60 62 63
3 64 65 66
3 64 66 67
3 68 69 70
3 68 70 71
3 72 73 74
3 72 74 75
3 76 77 78
3 76 78 79
3 80 81 82
3 80 82 83
3 84 85 86
3 84 86 87
3 88 89 90
3 88 90 91
3 92 93 94
3 92 94 95
3 96 97 98
3 96 98 99
3 100 101 102
3 100 102 103
3 104 105 106
3 104 106 107
3 108 109 110
3 108 110 111
3 112 113 114
3 112 114 115
3 116 117 118
3 116 118 119
3 120 121 122
3 120 122 123
3 124 125 126
3 124 126 127
3 128 129 130
3 128 130 131
3 132 133 134
3 132 134 135
3 136 137 138
3 136 138 139
3 140 141 142
3 136 139 143
3 143 140 142
3 136 143 142
3 144 145 146
3 144 146 147
3 148 149 150
3 148 150 151
3 152 153 154
3 152 154 155
3 156 157 158
3 156 158 159
3 160 161 162
3 160 162 163
3 164 165 166
3 164 166 167
3 168 169 170
3 168 170 171
3 172 173 174
3 172 174 175
3 176 177 178
3 176 178 179
3 180 181 182
3 180 182 183
3 184 185 186
3 184 186 187
3 188 184 187
3 188 187 189
3 190 191 192
3 190 192 193
3 194 195 196
3 194 196 197
3 198 199 200
3 198 200 201
3 202 203 204
3 205 206 207
3 208 209 210
3 211 212 213
3 214 215 216
3 217 218 219
3 217 219 220
3 221 222 223
3 221 223 224
3 225 226 227
3 225 227 228
3 229 230 231
3 232 233 234
3 232 234 235
3 236 229 231
3 232 235 236
3 231 232 236
3 237 238 239
3 237 239 240
3 241 242 243
3 241 243 244
3 245 246 247
3 245 247 248
3 249 250 251
3 249 251 252
3 253 254 255
3 253 255 256
3 257 258 259
3 257 259 260
3 261 262 263
3 261 263 264
3 265 266 267
3 265 267 268
3 269 270 271
3 269 271 272
3 273 274 275
3 273 275 276
3 277 278 279
3 277 279 280
3 281 282 283
3 281 283 284
3 285 286 287
3 285 287 288
3 289 290 291
3 289 291 292
3 293 294 295
3 293 295 296
3 297 298 299
3 297 299 300
3 301 302 303
3 301 303 304
3 305 306 307
3 305 307 308
3 309 310 311
3 309 311 312
3 313 314 315
3 313 315 316
3 317 318 319
3 317 319 320
3 321 322 323
3 321 323 324
3 325 326 327
3 325 327 328
3 329 330 331
3 329 331 332
3 333 334 335
3 333 335 336
3 337 338 339
3 337 339 340
3 341 342 343
3 341 343 344
3 345 346 347
3 345 347 348
3 349 350 351
3 349 351 352
3 353 354 355
3 353 355 356
3 357 358 359
3 357 359 360
3 361 362 363
3 361 363 364
3 365 366 367
3 365 367 368
3 369 370 371
3 369 371 372
3 373 374 375
3 373 375 376
3 377 378 379
3 377 379 380
3 381 382 383
3 381 383 384
3 385 386 387
3 385 387 388
3 389 390 391
3 389 391 392
3 393 394 395
3 393 395 396
3 397 398 399
3 397 399 400
3 401 402 403
3 401 403 404
3 405 406 407
3 405 407 408
3 409 410 411
3 409 411 412
3 413 414 415
3 413 415 416
3 417 418 419
3 417 419 420
3 421 422 423
3 421 423 424
3 425 426 427
3 421 424 428
3 428 425 427
3 427 421 428
3 429 430 431
3 429 431 432
3 433 434 435
3 433 435 436
3 437 438 439
3 437 439 440
3 441 442 443
3 441 443 444
3 445 446 447
3 445 447 448
3 449 450 451
3 449 451 452
3 453 454 455
3 453 455 456
3 457 458 459
3 457 459 460
3 461 462 463
3 461 463 464
3 465 466 467
3 465 467 468
3 469 470 186
3 469 186 185
3 471 472 473
3 471 473 474
3 475 476 477
3 475 477 478
3 479 480 481
3 479 481 482
3 483 484 485
3 483 485 486
3 487 488 489
3 490 491 492
3 493 494 495
3 496 497 498
3 499 500 501
3 502 503 504
3 502 504 505
3 506 507 508
3 506 508 509
3 510 511 512
3 510 512 513
3 514 515 516
3 514 516 517
3 518 519 520
3 514 517 521
3 521 518 520
3 521 520 514
3 522 523 524
3 522 524 525
3 526 527 528
3 526 528 529
3 530 531 532
3 530 532 533
3 534 535 536
3 534 536 537
3 538 539 540
3 538 540 541
3 542 543 544
3 542 544 545
3 546 547 548
3 546 548 549
3 550 551 552
3 550 552 553
3 554 555 556
3 554 556 557
3 558 559 560
3 558 560 561
3 562 563 564
3 562 564 565
3 566 567 568
3 566 568 569
3 570 571 572
3 570 572 573
3 574 575 576
3 570 573 577
3 577 574 576
3 570 577 576
3 578 579 580
3 578 580 581
3 582 583 584
3 582 584 585
3 586 587 588
3 586 588 589
3 590 591 592
3 593 594 595
3 593 595 596
3 597 590 592
3 593 596 597
3 592 593 597
3 598 599 600
3 598 600 601
3 602 603 604
3 602 604 605
3 606 607 608
3 606 608 609
3 610 611 612
3 610 612 613
3 614 615 616
3 614 616 617
3 618 619 620
3 618 620 621
3 622 623 624
3 622 624 625
3 626 627 628
3 626 628 629
3 630 631 632
3 630 632 633
3 634 635 636
3 634 636 637
3 638 639 640
3 638 640 641
3 642 643 644
3 642 644 645
3 646 647 648
3 646 648 649
3 650 651 652
3 646 649 653
3 653 650 652
3 652 646 653
3 654 655 656
3 654 656 657
3 658 659 660
3 658 660 661
3 662 663 664
3 662 664 665
3 666 667 668
3 666 668 669
3 670 671 672
3 666 669 673
3 673 670 672
3 673 672 666
3 674 675 676
3 674 676 677
3 678 679 680
3 678 680 681
3 682 683 684
3 682 684 685
3 686 687 688
3 686 688 689
3 690 691 692
3 690 692 693
3 694 695 696
3 694 696 697
3 698 699 700
3 698 700 701
3 702 703 704
3 702 704 705
3 706 707 708
3 706 708 709
3 710 711 712
3 710 712 713
3 714 715 716
3 714 716 717
3 718 719 720
3 718 720 721
3 722 723 724
3 725 726 727
3 728 729 730
3 731 732 733
3 734 735 736
3 737 738 739
3 726 740 741
3 742 743 744
3 745 731 746
3 747 748 749
3 750 751 752
3 750 752 753
3 754 755 756
3 754 756 757
3 758 759 760
3 758 760 761
3 762 763 764
3 762 764 765
3 766 767 768
3 766 768 769
3 770 771 772
3 770 772 773
3 774 775 776
3 774 776 777
3 778 779 780
3 778 780 781
3 782 783 784
3 782 784 785
3 786 787 788
3 786 788 789
3 790 791 792
3 790 792 793
3 794 795 796
3 794 796 797
3 798 799 800
3 798 800 801
3 802 803 804
3 802 804 805
3 806 807 808
3 806 808 809
3 810 811 812
3 810 812 813
3 814 815 816
3 814 816 817
3 818 819 820
3 820 821 822
3 822 823 824
3 824 825 818
3 818 820 822
3 822 824 818
3 826 827 828
3 826 828 829
3 830 831 832
3 830 832 833
3 834 835 836
3 834 836 837
3 838 839 840
3 838 840 841
3 842 843 844
3 842 844 845
3 846 847 848
3 846 848 849
3 850 851 852
3 850 852 853
3 854 855 856
3 854 856 857
3 858 859 860
3 858 860 861
3 862 863 864
3 862 864 865
3 866 867 868
3 866 868 869
3 870 871 872
3 870 872 873
3 874 875 876
3 874 876 877
3 878 879 880
3 878 880 881
3 882 883 884
3 882 884 885
3 886 887 888
3 886 888 889
3 890 891 892
3 890 892 893
3 894 895 896
3 894 896 897
3 898 899 900
3 898 900 901
3 902 903 904
3 902 904 905
3 906 907 908
3 906 908 909
3 910 911 912
3 910 912 913
3 914 915 916
3 914 916 917
3 918 919 920
3 918 920 921
3 922 923 924
3 924 925 926
3 926 927 928
3 928 929 922
3 922 924 926
3 926 928 922
3 930 931 932
3 930 932 933
3 934 935 936
3 934 936 937
3 938 939 940
3 938 940 941
3 942 943 944
3 942 944 945
3 946 947 948
3 946 948 949
3 950 951 952
3 950 952 953
3 954 955 956
3 954 956 957